 4333  2.878705 -0.110813
 5849  3.903290  0.632598
 5994  3.998283  0.703593
 6082  4.049428 -1.088470
 6522  4.380308 -0.816486
 6959  4.665973 -0.217514
 7331  4.917629 -0.909984
 7863  5.312610 -0.029681
 8165  5.512044 -0.219652
 9120  6.156925  0.144659
 14954  9.982090 -9.081161
 15503  10.339644 -9.369368
 15613  10.408042  41.018861
 15698  10.457750  40.471695
 15829  10.525772 -9.215492
 16468  10.894978  40.199411
 18231  11.928500  42.171389
 20866  13.517717 -1.282362
 21110  13.674298 -1.188044
 21416  13.840553 -0.471442
 21637  13.981215 -0.686071
 24605  15.849262  1.370121
 24872  16.004336  1.256512
 25010  16.091111  1.580278
 25094  16.156714  1.457611
 25649  16.516107  1.085040
 25713  16.559947  1.235956
 27283  17.667256 -0.409523
 27505  17.832584  0.447803
 27530  17.854225 -0.268427
 27649  17.938577  1.488692
 27712  17.974961  1.648611
 27783  18.026078  1.087099
 27844  18.068836  1.349203
 28103  18.232800  0.736030
 28165  18.268138  0.583779
 28219  18.301364  0.104067
 28384  18.424139  0.833479
 28409  18.444937  0.853967
 28457  18.476256  1.300951
 28472  18.485814 -0.081565
 28519  18.518525  0.297436
 28558  18.536874  0.127569
 28561  18.539867 -0.033846
 28691  18.631837  0.080734
 28715  18.651634 -0.726887
 28742  18.669154  0.173074
 28773  18.688339  0.389815
 42406  27.965208 -14.060250
 42704  28.166111 -13.961389
 42934  28.323083 -14.110389
 42974  28.348333 -13.516389
 43150  28.449708 -13.607194
 46879  31.316464 -3.866089
 46957  31.382399 -3.693758
 47005  31.421157 -3.405439
 47207  31.582676 -3.565585
 47702  32.030997 -5.363252
 47920  32.226909 -5.040559
 47954  32.256174 -5.071950
 47978  32.268775 -5.306726
 47999  32.287219 -4.838284
 48052  32.338615 -4.207028
 48143  32.422722 -5.315223
 48170  32.447910 -5.794662
 48199  32.470472 -5.734533
 48284  32.532101 -5.083348
 48309  32.558039 -4.470188
 48325  32.570354 -5.724558
 48378  32.623849 -5.192114
 48406  32.650341 -5.015961
 48461  32.695782 -5.288018
 48523  32.759985 -5.737792
 48527  32.763250 -4.240281
 48533  32.767405 -4.890305
 48552  32.782842 -5.240455
 48677  32.874351 -4.556666
 48687  32.884181 -5.143855
 48814  33.009933 -5.386400
 48849  33.047765 -5.487412
 48880  33.076868 -4.249014
 48902  33.092329 -4.337461
 48910  33.100417 -4.137268
 48929  33.115138 -4.109966
 49052  33.225794 -4.317776
 49131  33.299408 -4.782331
 49193  33.351358 -5.588342
 49197  33.353262 -3.586509
 49217  33.371115 -4.579683
 49233  33.382631 -4.814893
 49294  33.440450 -5.664351
 49295  33.441587 -4.251549
 49311  33.451032 -5.806708
 49321  33.457542 -5.704283
 49370  33.493203 -5.545256
 49383  33.505429 -5.177481
 49398  33.515391 -5.874342
 49448  33.564721 -5.601862
 49524  33.627612 -3.732944
 49530  33.632343 -5.466704
 49531  33.633009 -4.070280
 49548  33.646802 -5.251353
 49561  33.655634 -5.502957
 49570  33.664673 -3.789561
 49602  33.698318 -5.811712
 49618  33.707688 -4.283538
 49658  33.744083 -4.961783
 49662  33.750945 -4.502089
 49667  33.759229 -4.169238
 49689  33.784138 -4.087124
 49726  33.809522 -5.555966
 49737  33.822228 -3.746813
 49768  33.854156 -4.898333
 49777  33.861807 -4.318564
 49794  33.871761 -6.012886
 49795  33.872033 -3.786993
 49861  33.937050 -4.227244
 49871  33.943370 -4.989365
 49904  33.973242 -4.772406
 49910  33.976687 -3.607351
 49921  33.984999 -5.009185
 49934  34.000226 -5.268550
 49938  34.001536 -4.641504
 49940  34.003150 -5.915598
 49969  34.027488 -4.085689
 49984  34.042117 -4.798276
 50031  34.087170 -5.571544
 50090  34.133735 -6.204217
 50203  34.237807 -5.973051
 50209  34.246345 -4.759050
 50270  34.292867 -4.195288
 50372  34.378942 -4.306572
 50391  34.395416 -4.562294
 50411  34.411581 -5.215892
 50442  34.430989 -5.157720
 50456  34.451074 -5.652676
 50481  34.473968 -4.963186
 50590  34.558136 -4.878109
 50611  34.571977 -3.614098
 50613  34.572724 -4.853480
 50627  34.585393 -5.074025
 50647  34.605882 -4.375804
 50660  34.614771 -3.441914
 50666  34.619558 -3.459694
 50673  34.622780 -4.558060
 50688  34.636393 -4.109986
 50699  34.643535 -5.840475
 50718  34.663771 -4.139304
 50745  34.688714 -5.756051
 50760  34.705512 -3.358175
 50774  34.720661 -4.863050
 50776  34.722206 -3.574910
 50813  34.758460 -4.752003
 50815  34.759469 -5.429134
 50819  34.762359 -6.352073
 50891  34.834007 -5.148276
 50905  34.847081 -4.863540
 50929  34.862944 -4.306496
 50935  34.870423 -4.116696
 50944  34.884167 -5.125833
 50946  34.886021 -4.784970
 50957  34.892593 -5.149858
 50978  34.912017 -5.301543
 50992  34.921552 -4.683445
 51026  34.946398 -4.631872
 51074  34.994873 -4.872228
 51094  35.010556 -5.669746
 51102  35.018356 -5.470202
 51108  35.023251 -5.158002
 51111  35.024796 -3.262631
 51136  35.054599 -4.853912
 51153  35.083436 -3.725308
 51164  35.093287 -3.164906
 51176  35.104776 -4.748304
 51179  35.105801 -4.238827
 51187  35.109535 -4.273247
 51209  35.121007 -4.124585
 51213  35.123371 -5.172995
 51221  35.134354 -4.704897
 51229  35.140513 -5.842578
 51246  35.155192 -5.703933
 51254  35.164649 -6.088608
 51276  35.189302 -5.783279
 51278  35.190277 -3.367261
 51287  35.198271 -3.201848
 51297  35.206254 -4.508683
 51298  35.206362 -5.625289
 51299  35.206437 -4.507992
 51339  35.243834 -3.464860
 51379  35.275400 -4.307950
 51395  35.287068 -2.989155
 51410  35.300467 -4.196792
 51425  35.309954 -5.540297
 51430  35.314744 -2.978736
 51444  35.326125 -3.487230
 51457  35.336379 -5.204997
 51482  35.355218 -4.149151
 51490  35.369893 -5.982719
 51491  35.370728 -2.615602
 51499  35.376285 -2.587711
 51507  35.383094 -5.696203
 51524  35.392995 -4.507112
 51526  35.393809 -5.691104
 51542  35.405214 -5.941282
 51563  35.426835 -5.601256
 51564  35.427707 -5.343852
 51583  35.447815 -3.235555
 51602  35.462056 -3.747254
 51619  35.479889 -5.051094
 51651  35.507579 -4.224782
 51661  35.516545 -5.314212
 51664  35.518053 -4.042892
 51693  35.553387 -3.070987
 51715  35.566669 -5.267023
 51730  35.581088 -2.858230
 51735  35.583132 -5.375453
 51759  35.603015 -5.817554
 51782  35.618355 -4.031385
 51802  35.633343 -5.054395
 51827  35.650432 -4.552201
 51837  35.658684 -3.718324
 51840  35.660229 -3.717308
 51845  35.663300 -4.699396
 51851  35.667885 -4.083779
 51870  35.691089 -4.325642
 51881  35.699512 -4.558388
 51931  35.732891 -5.231050
 51943  35.743240 -5.512904
 51946  35.745432 -4.981234
 51947  35.745585 -3.749858
 51959  35.754758 -4.097428
 51978  35.767271 -4.743167
 51990  35.776336 -3.653077
 52001  35.788360 -5.888746
 52007  35.793499 -5.850735
 52046  35.834208 -3.073000
 52053  35.838285 -5.107450
 52070  35.850544 -5.823645
 52099  35.870406 -4.026361
 52114  35.886011 -3.536771
 52144  35.917373 -2.926116
 52165  35.936144 -4.855347
 52182  35.946694 -5.098037
 52212  35.967417 -4.508811
 52253  36.016413 -3.175106
 52277  36.039464 -3.575334
 52279  36.041195 -4.788377
 52294  36.055708 -5.595998
 52316  36.069375 -4.945283
 52342  36.092804 -3.181845
 52371  36.121313 -4.968845
 52392  36.137206 -4.795100
 52396  36.143078 -4.533468
 52423  36.165437 -3.961623
 52462  36.202826 -3.051181
 52500  36.229921 -5.918090
 52520  36.246254 -3.004398
 52529  36.257087 -4.131780
 52537  36.263333 -4.094371
 52562  36.288594 -5.351506
 52564  36.289775 -4.143953
 52598  36.319189 -4.086702
 52633  36.347415 -3.045596
 52637  36.351313 -2.975112
 52660  36.365249 -5.110857
 52667  36.372539 -5.162936
 52684  36.385458 -3.033639
 52705  36.406458 -4.911192
 52731  36.424648 -5.592334
 52737  36.426630 -5.497450
 52762  36.446466 -2.925603
 52797  36.475460 -3.302800
 52886  36.533479 -3.631825
 52891  36.536389 -4.276111
 52893  36.538572 -4.614134
 52895  36.539101 -3.608315
 52955  36.586353 -3.290040
 52963  36.592360 -4.372743
 52972  36.602998 -4.083127
 52984  36.617032 -4.887028
 52990  36.621932 -4.515883
 52997  36.628298 -5.097837
 53001  36.629520 -3.811564
 53015  36.637007 -3.346729
 53037  36.657276 -5.861535
 53067  36.676243 -5.410765
 53080  36.685922 -4.135685
 53097  36.698721 -4.241878
 53108  36.705833 -4.197778
 53122  36.717200 -4.099229
 53151  36.738494 -3.995699
 53169  36.749560 -4.741826
 53212  36.788682 -5.426050
 53226  36.801851 -8.822040
 53242  36.818861 -5.002386
 53245  36.821902 -3.223699
 53254  36.828525 -4.526088
 53269  36.848496 -4.935636
 53288  36.860387 -3.729653
 53307  36.872560 -0.107602
 53373  36.920756 -3.882182
 53413  36.967370 -3.485209
 53426  36.976436 -3.849477
 53429  36.977379 -5.883779
 53460  37.008979 -3.879897
 53491  37.037812 -4.209717
 53524  37.062891 -4.328579
 53559  37.095645 -5.363041
 53565  37.101110 -8.697891
 53581  37.113914 -8.547330
 53615  37.149647 -3.943574
 53651  37.175852 -5.590939
 53659  37.181338 -4.207279
 53703  37.221398  0.252173
 54106  37.571555 -7.720318
 54122  37.586092 -8.094400
 54160  37.618012 -7.504373
 55119  38.464798 -4.096436
 55431  38.762887 -4.818479
 55432  38.763242 -4.598796
 61621  47.954001  0.480481
 61811  48.438012  0.793791
 62922  52.950458 -27.293667
 62974  53.071500 -27.332389
 62992  53.110278 -27.676667
 63013  53.155278 -28.146111
 63192  53.761417 -27.202944
 63351  54.405486 -36.101111
 64604  69.061167 -68.334556
 66223  112.422315  41.638984
 67611  114.802746  40.078818
 67999  115.230332  38.863082
 73832  120.021643  35.754841
 75263  120.886612  35.810035
 77140  121.925371  16.929276
 87700  127.055109  25.142211
 92695  129.362372  45.093756
 93029  129.514205  45.096697
 93182  129.575463  45.091600
 94812  130.352204  29.377009
 94851  130.367139  29.994783
 95782  130.776632  29.656179
 95804  130.787534  30.151056
 95949  130.866530  36.316598
 97786  131.667701  45.541192
 98311  131.904245  43.442805
 102009  133.517228  11.820715
 103847  134.301856 -0.790705
 104757  134.688546  0.132883
 104903  134.748319  20.971904
 105023  134.794884  20.801280
 105313  134.922788  20.804292
 105411  134.965988  18.051192
 105459  134.987622  21.264193
 105472  134.992152  20.814412
 105669  135.073233 -0.784334
 105711  135.090620  20.615144
 105835  135.150697  20.808478
 105887  135.173904  21.327439
 105991  135.220651  21.224005
 106162  135.297567  20.777333
 106382  135.395126  20.406483
 107060  135.695155  21.156647
 107063  135.696910  12.070070
 107559  135.917542  12.054391
 108383  136.305292 -0.464065
 111220  137.600703  7.168044
 111358  137.666223  20.203009
 113863  138.785221  29.432857
 114859  139.213557  7.594667
 115358  139.426232  8.253076
 115903  139.654454  13.816287
 116925  140.086824  7.402772
 116955  140.099707  1.562381
 118782  140.832091  2.091215
 120718  141.650982  30.027597
 121194  141.868523  29.584359
 121519  142.003127  7.258672
 122238  142.304567  30.373855
 137760  148.849914  1.615106
 138140  149.006849  0.968107
 138169  149.018343  2.648956
 138259  149.054084  1.320133
 138273  149.058012  3.241854
 138284  149.063955  1.640850
 138299  149.070925  2.483823
 138353  149.090217  2.816633
 138470  149.135754  2.546982
 138531  149.163388  0.507316
 138566  149.177971  2.803521
 138631  149.207909  3.230615
 138700  149.234153  2.220872
 138713  149.240153  1.219468
 138753  149.256610  2.649258
 138783  149.271408  1.830430
 138990  149.348727  1.249652
 139039  149.368033  2.428358
 139269  149.458245  1.565050
 139281  149.462804  2.356845
 139296  149.466667  1.855556
 139312  149.475468  2.919000
 139318  149.477945  2.642432
 139344  149.486667  2.811389
 139358  149.490278  2.656111
 139510  149.550567  1.141247
 139594  149.585211  2.051100
 139607  149.590222  2.774487
 139611  149.591814  1.135098
 139686  149.621890  2.738310
 139692  149.624210  2.180632
 139848  149.687500  1.812500
 139873  149.695833  2.548889
 139886  149.698889  2.441111
 139904  149.703609  2.578084
 139913  149.706111  2.420000
 140045  149.751111  2.470000
 140142  149.789762  2.321248
 140281  149.832585  2.710723
 140361  149.858898  1.263187
 140524  149.910556  2.554722
 140547  149.916914  2.385185
 140553  149.919760  2.327457
 140622  149.941731  2.795424
 140713  149.978270  1.535127
 140796  150.009040  2.274985
 140924  150.050567  1.222369
 140934  150.053799  2.589678
 140945  150.057046  1.509642
 140950  150.058700  2.477391
 140951  150.058909  2.015134
 141001  150.073889  3.090261
 141011  150.077447  1.251697
 141119  150.117778  0.980278
 141141  150.125072  2.861759
 141181  150.139097  1.876973
 141183  150.139547  1.636505
 141245  150.158401  2.139561
 141257  150.161770  1.877939
 141353  150.193530  3.619119
 141503  150.244444  2.432222
 141507  150.245177  1.900063
 141550  150.258981  1.330153
 141593  150.276600  3.052732
 141653  150.292764  3.618880
 141672  150.297954  3.585184
 141708  150.307662  1.666853
 141715  150.309567  2.399124
 141722  150.311945  2.035833
 141726  150.313611  2.803611
 141744  150.321389  2.881944
 141757  150.326944  2.461111
 141785  150.334380  2.061467
 141851  150.353605  2.342176
 141858  150.355456  1.472312
 141878  150.360886  0.780221
 142067  150.422217  2.175319
 142166  150.451839  2.144779
 142177  150.456648  2.648145
 142190  150.462879  2.009058
 142271  150.487825  1.102326
 142278  150.489920  1.868064
 142283  150.490735  2.775461
 142297  150.497582  2.659906
 142330  150.506293  2.058187
 142372  150.520833  2.625556
 142373  150.520990  1.299382
 142546  150.572591  2.499937
 142571  150.581221  1.926947
 142621  150.609710  2.323091
 142706  150.635390  2.649964
 142707  150.635422  3.568889
 142708  150.635538  1.669094
 142806  150.671355  3.160753
 142853  150.686615  2.947645
 142895  150.700546  1.333969
 142916  150.705535  2.629595
 142925  150.708022  2.292317
 142933  150.710192  0.822112
 142976  150.720290  2.907469
 143019  150.733889  2.156389
 143339  150.849689  1.917707
 143690  150.971124  1.762361
 143892  151.033532  3.329253
 143909  151.038689  2.829563
 144531  151.256745  1.748319
 144747  151.337093  2.186923
 149320  153.032344  3.270790
 149388  153.056214  8.785067
 149582  153.134446  3.218752
 149637  153.155136  3.325275
 149704  153.181645  3.258273
 150544  153.496800  3.580521
 152677  154.317520  30.466004
 152706  154.328581  30.609398
 153199  154.514611  4.016361
 153577  154.657837  30.373770
 153651  154.687767  45.434614
 155491  155.399362 -1.118541
 155962  155.576668  45.874670
 156920  155.927282  16.858897
 157016  155.962268  4.261675
 157121  156.002396 -0.750700
 157172  156.022644 -0.771314
 157204  156.035005 -0.972545
 157209  156.036945  0.005000
 157307  156.073270 -1.460559
 157342  156.083528 -1.009429
 157409  156.104681  0.220515
 157646  156.197778  0.149167
 157753  156.236267 -0.953391
 157916  156.302824 -0.828271
 157938  156.313034  0.213316
 158463  156.519045 -0.457915
 158797  156.653977  0.258423
 158808  156.655833  0.325556
 159183  156.800507 -0.441661
 159205  156.808684 -0.530345
 159232  156.818409  2.775460
 160790  157.386995  4.478860
 162038  157.862005  5.135810
 162234  157.930559  57.532743
 163504  158.407126  6.834695
 163870  158.551413  7.334339
 164246  158.676853  6.788798
 164361  158.714453  7.022542
 164500  158.770302  7.508703
 164750  158.857914  6.938285
 165235  159.037410  6.912222
 166260  159.404499  3.015444
 166294  159.415348 -0.439060
 167788  159.994667 -1.497228
 167808  160.002808 -1.516442
 168628  160.309141 -1.458978
 168720  160.342020  3.044141
 168742  160.354420 -1.606579
 169275  160.545438 -1.085578
 169453  160.608505 -1.456183
 169745  160.712467 -1.156764
 170121  160.855866  5.691631
 170181  160.878746 -1.270930
 170723  161.103697 -1.588733
 170736  161.107508  6.157117
 170748  161.111644  7.465263
 170951  161.188838  5.730246
 171256  161.290578  3.951535
 171260  161.291412  6.599741
 171307  161.308840  5.675458
 171344  161.319997  3.988036
 171511  161.374465  6.394301
 171757  161.469697  6.410115
 171772  161.480142  12.425967
 171806  161.492029  6.407091
 171859  161.513199  7.318661
 172364  161.689523  12.331696
 172396  161.699771  13.055588
 172424  161.711110  5.632502
 172697  161.818321  5.866551
 172721  161.825968  12.405876
 172804  161.852500  12.823889
 172835  161.861744  3.963840
 172927  161.900203  5.666415
 173016  161.928181  5.833171
 173060  161.944571  12.761542
 173154  161.976540  4.644603
 173181  161.991897  5.885724
 173244  162.022417  5.660350
 173251  162.025783  4.442418
 173269  162.033266  13.381746
 173461  162.112946  12.649465
 173466  162.113675  6.629149
 173495  162.124822  12.574459
 173517  162.133860  8.272428
 173537  162.139238  7.583377
 173645  162.175918  6.418663
 173656  162.179392  6.749133
 173759  162.220023  12.505909
 173793  162.233238  6.934748
 173827  162.248951  12.889546
 173888  162.274151  12.883314
 173898  162.277015  0.474943
 173942  162.293825  0.420311
 173947  162.295710  12.592580
 174021  162.323470  2.912257
 174027  162.325653  0.215282
 174032  162.327376  12.098043
 174074  162.340132  7.051985
 174110  162.349702  0.354464
 174146  162.361792  4.393000
 174154  162.363083  0.506359
 174158  162.364160  8.471693
 174172  162.371226  5.748169
 174267  162.409804  5.492238
 174313  162.425745  4.803887
 174394  162.452755  4.921076
 174450  162.474556  5.726852
 174455  162.477686  8.495012
 174501  162.495745  11.942950
 174511  162.498864  2.921906
 174696  162.575448  5.474018
 174700  162.576874  0.044029
 174702  162.577433  8.580428
 174753  162.595075  6.772746
 174798  162.612855  11.926253
 174930  162.662939  7.198923
 174947  162.669047  3.912365
 175038  162.706111  0.198889
 175051  162.712290  0.845463
 175400  162.848128  6.795713
 175437  162.860124  0.682004
 175443  162.861454  3.094038
 175487  162.877652  4.379519
 175566  162.906218  0.418536
 175594  162.919037  0.184067
 175609  162.925065  7.687232
 175794  162.988696  11.212265
 176058  163.092879  0.792710
 176102  163.106480  4.304351
 176168  163.127222  0.592500
 176176  163.130278  0.241111
 176179  163.132587  8.102467
 176245  163.156402  7.986636
 176349  163.188823  0.869570
 176454  163.227451  0.676260
 176568  163.273611  0.256945
 176652  163.302413  4.301091
 176683  163.320053  3.618763
 176813  163.367838  0.533086
 176919  163.406794  7.715860
 176945  163.415833  0.345833
 178658  164.078592 -3.519621
 178941  164.180517  8.154126
 182986  165.690922  28.960387
 183089  165.723431  28.962852
 183484  165.890693  1.340226
 184206  166.170120 -0.078224
 184678  166.353905 -0.197801
 184921  166.440632 -0.321486
 185683  166.721664 -0.162405
 185887  166.803012 -0.390217
 186300  166.950929 -0.085509
 186677  167.098611 -1.207778
 187111  167.281494 -0.298908
 187373  167.384935 -1.083261
 189383  168.204286  1.839661
 189430  168.227234  1.762951
 189552  168.275497  2.161876
 191749  169.189706  1.671422
 191755  169.194032  0.668914
 191947  169.271017  0.744234
 203322  173.892015  1.661005
 203476  173.952842  1.717105
 226023  183.130218  13.880163
 226236  183.220205  36.220173
 226326  183.258632  14.552909
 226358  183.270263  36.559906
 226839  183.466951  36.563507
 227050  183.557472  14.016291
 227142  183.588578  13.467314
 227336  183.659510  14.371360
 227408  183.698267  45.839080
 227573  183.758420  36.242092
 227700  183.800202  46.053045
 227847  183.863706  38.084493
 227875  183.873312  14.478247
 227889  183.880164  14.173706
 228205  184.003363  45.733091
 229005  184.325767  14.779898
 229046  184.342832  14.315352
 229153  184.390438  4.426700
 229161  184.395670  36.686310
 229184  184.404337  46.109223
 229347  184.470939  5.008590
 229352  184.472181  4.725942
 229882  184.687750  14.136315
 230059  184.761590  14.244321
 230372  184.883703  7.088287
 230390  184.893379  46.865436
 230434  184.909354  14.184487
 230507  184.935279  6.621152
 230527  184.943333  47.630045
 230534  184.945253  6.815832
 230730  185.023131  14.179672
 230819  185.062663  14.353534
 230938  185.111479  14.138052
 230959  185.120324  14.955243
 231092  185.183466  14.742335
 231141  185.198536  47.102365
 231351  185.282601  14.367522
 231435  185.317491  14.463054
 231444  185.325021  46.849367
 231473  185.336566  8.394984
 231561  185.375154  8.375346
 231571  185.378374  14.694981
 232215  185.628004  15.929977
 233307  186.089294  16.112423
 233570  186.200665  12.903704
 233668  186.229605  15.650280
 234032  186.368542  13.290403
 234159  186.428477  31.094070
 234214  186.446389  12.070833
 234312  186.484223  13.115619
 234426  186.532142  11.116608
 234680  186.639507  13.115128
 234688  186.642153  13.180277
 234907  186.723924  12.833069
 235025  186.764047  12.900577
 235032  186.768232  13.612851
 235348  186.891111  0.888611
 235995  187.138944  1.174264
 236126  187.187420  13.303443
 236150  187.197579  1.190365
 236261  187.239828  1.550720
 236283  187.246407  0.905207
 236370  187.282500  1.521389
 236479  187.321477  1.230107
 236486  187.325930  1.536870
 236554  187.349125  1.503212
 236750  187.421660  2.825687
 236825  187.451396  1.787299
 236850  187.460913  2.781327
 236851  187.461166  0.980888
 236885  187.478359  1.659010
 236895  187.483982  2.730102
 237027  187.539833  8.695209
 237153  187.586770  13.562087
 237194  187.603174  11.908170
 237231  187.616757  1.123256
 237266  187.632148  8.932976
 237283  187.635962  0.870950
 237295  187.639902  1.701012
 237387  187.675693  9.072894
 237460  187.704598  1.598964
 237474  187.708611  1.256389
 237515  187.725824  2.715390
 237573  187.751450  12.167734
 237578  187.754482  1.312494
 237613  187.771137  1.527791
 237678  187.797135  2.156689
 237694  187.804410  0.810356
 237740  187.826721  1.240313
 237744  187.829312  1.359664
 237794  187.850516  1.201922
 237844  187.869168  1.590018
 237866  187.875481  1.554831
 237893  187.886389  1.417222
 238100  187.971865  1.660290
 238240  188.022840  1.290039
 238352  188.063190  13.342437
 238400  188.081758  11.164390
 238407  188.082615  12.588295
 238436  188.093170  1.722316
 238539  188.136302  4.915541
 238650  188.184098  31.906980
 238946  188.292121  1.130052
 239042  188.332028  12.175806
 239271  188.419638  5.900649
 239554  188.526919  5.923130
 239810  188.626534  11.185512
 239859  188.646124  31.773230
 239921  188.665426  31.630375
 239979  188.687801  5.605620
 240181  188.767928  8.892753
 240244  188.787351  11.224873
 240373  188.837231  13.647299
 241496  189.259220  12.877012
 241770  189.363686  13.074680
 242120  189.501633  13.513221
 242435  189.625186  11.258332
 242564  189.674300  5.655790
 242961  189.822969  12.212707
 242984  189.829109  5.528463
 244535  190.418054  62.390191
 245189  190.682414  3.534789
 246337  191.129895  11.234651
 246495  191.190413  11.282233
 246859  191.333913  11.467815
 248013  191.784573  10.935537
 252332  193.466340  44.394739
 252393  193.485556  0.393056
 252645  193.588007 -0.097020
 252722  193.627226 -0.245880
 252871  193.690833  0.302500
 252909  193.705464  0.420476
 253023  193.751948  27.403546
 253049  193.766607  0.214853
 253062  193.775631  0.042604
 253221  193.835422  43.793505
 253260  193.858141 -0.259467
 253337  193.887495 -0.278499
 253529  193.964381  0.655719
 253546  193.970801 -0.078327
 253583  193.987690  0.313419
 253613  193.998090 -0.267488
 253752  194.050833  0.549445
 253863  194.097098  0.104387
 253872  194.100473  0.423082
 253898  194.112494  0.048650
 254259  194.252410  0.313900
 254568  194.380462  0.248530
 254644  194.413792  0.224729
 254670  194.423654  33.103394
 254860  194.508022  28.333979
 254976  194.549244  44.559232
 255024  194.567590  28.235196
 255052  194.576866  27.993439
 255236  194.659680  27.382834
 255338  194.704444  27.550000
 255458  194.754269  26.878490
 255616  194.813735  32.485123
 255630  194.819722  27.896111
 255664  194.835126  28.226622
 255765  194.879053  28.451542
 255976  194.963056  28.294722
 256008  194.978164  33.449557
 256572  195.215435  27.872296
 256751  195.291472  5.009429
 257259  195.490080  27.852357
 257376  195.533060  27.570635
 257403  195.542311  5.137556
 257480  195.573627  0.406264
 258307  195.915967  1.781466
 258847  196.135886  5.209053
 260272  196.710151  49.190289
 261883  197.365834  49.145435
 269538  200.428730  27.683557
 270381  200.768333  27.914755
 273293  201.962427  47.260064
 273369  201.992982  47.704802
 273523  202.045747  47.090598
 273926  202.200745  47.202827
 273930  202.203375  47.106574
 274446  202.410743  47.315185
 274664  202.498075  47.743505
 275255  202.719649  47.041428
 275375  202.762832  46.801573
 276786  203.292097  50.207298
 277136  203.428683  50.251358
 277633  203.626045  50.104189
 286634  207.196541  26.984325
 287218  207.457947  26.563017
 288274  207.887029  1.849265
 288288  207.892246  26.479655
 288304  207.897593  1.750049
 288590  208.017199  1.794193
 288749  208.086541  1.903299
 288771  208.095403  1.512485
 288972  208.181311  1.546490
 289233  208.287371  1.945905
 289454  208.381855  1.788139
 289504  208.406237  1.639692
 289615  208.464930  1.864974
 289701  208.504405  2.325311
 289703  208.504445  1.758056
 289752  208.528593  1.912406
 289758  208.530259  1.806250
 291587  209.256979  4.297335
 292667  209.709309  3.982321
 293859  210.221319  3.017847
 294026  210.289208  2.460043
 294073  210.313135  2.805536
 294099  210.323056  2.730556
 294183  210.365381  2.935016
 294661  210.572222  2.380667
 295691  211.030056  22.162995
 297182  211.696569  22.251814
 301706  213.564032  22.650665
 301740  213.577258  54.422765
 302120  213.751267  22.974038
 302459  213.893752  0.370162
 302482  213.903884  22.698413
 302504  213.911637  23.550268
 302633  213.960480  0.282062
 302658  213.967926  0.052506
 302741  213.999993  52.737850
 302742  214.000210  22.789378
 303377  214.276757  23.341885
 303476  214.319930  52.401963
 303648  214.395263  52.469675
 303675  214.405143  22.680577
 303997  214.552127  10.774482
 304619  214.818060  52.345786
 304843  214.905220  52.799325
 304909  214.939658  52.228455
 305239  215.075414  52.323672
 305292  215.095920  53.056359
 305445  215.164502  52.324650
 305926  215.372549  53.096881
 305935  215.376176  52.203549
 306232  215.506080  52.547330
 306292  215.528494  52.832926
 306394  215.571617  53.036476
 307250  215.927750  52.808828
 307316  215.957824  35.707390
 307423  216.009445  35.520020
 307471  216.034177  37.857070
 307591  216.090278  1.483333
 307613  216.098810  2.022620
 307656  216.116939  35.179395
 307790  216.176921  34.138537
 307848  216.202293  33.761909
 308054  216.286286  2.064098
 308089  216.301779  33.975629
 308123  216.313100  33.496308
 308142  216.318487  35.291078
 308263  216.370376  35.881121
 308304  216.388078  1.850982
 308893  216.635012  35.141945
 309860  217.034499  34.077875
 309913  217.058823  33.816491
 310001  217.090060  34.542129
 310465  217.270856  34.325766
 310525  217.296571  33.161474
 310860  217.427684  33.948543
 310980  217.474039  33.604077
 311120  217.526800  33.885196
 311242  217.568842  35.104621
 311294  217.589406  33.922007
 311385  217.625004  34.787647
 311873  217.823610  33.637320
 311957  217.853115  34.139160
 311971  217.860525  34.795637
 312134  217.924349  33.167827
 312199  217.952890  4.552859
 312255  217.975813  32.647349
 313482  218.464817  33.446092
 313521  218.482395  34.214271
 313622  218.525335  32.929279
 313931  218.633279  32.956674
 314076  218.695365  32.898556
 314081  218.696463  34.213832
 314414  218.835719  34.278949
 314619  218.915398  33.902606
 314664  218.934825  33.038754
 314668  218.935916  34.121314
 314812  218.996460  34.751265
 314933  219.042473  34.013587
 315009  219.070707  32.662851
 315098  219.101257  35.619286
 315167  219.128224  34.915293
 315188  219.137456  34.714830
 315271  219.171945  35.426880
 315282  219.175575  35.657941
 315644  219.328583  32.732389
 316067  219.505256  35.620908
 316173  219.558459  33.996157
 316394  219.644571  35.123785
 316457  219.669360  32.715253
 319489  220.990915  11.122209
 321648  222.006678  9.229338
 337817  229.752135  57.064913
 356473  240.060996  27.602729
 357662  240.825246  43.020842
 357818  240.922710  54.250451
 358009  241.037090  43.248816
 359032  241.669742  43.357739
 359316  241.838346  55.258728
 359335  241.852350  54.675806
 359370  241.875873  56.051552
 359777  242.130360  55.108124
 359951  242.236630  54.053845
 359957  242.240176  54.356029
 359995  242.260939  54.030851
 361133  242.945360  54.294212
 361163  242.959401  56.060091
 361446  243.146157  24.818657
 362744  243.950886  56.420085
 363423  244.425459  12.841679
 363684  244.600805  54.122639
 363946  244.780694  7.722940
 369311  248.966242  41.428548
 369319  248.973476  41.348870
 369486  249.112912  40.813604
 369666  249.259204  41.506153
 369829  249.405768  34.201544
 370953  250.381292  40.022066
 371096  250.528199  39.986937
 371185  250.632000  40.389452
 372247  251.716080  34.839344
 372416  251.888464  35.094907
 372615  252.105206  34.334211
 372763  252.283458  35.135740
 372769  252.293363  35.114202
 376917  257.823597  58.689953
 377045  258.031003  58.798470
 377296  258.413889  59.656667
 377360  258.512000  42.739831
 378363  260.190997  27.701649
 378454  260.379014  58.734645
 378455  260.382452  58.890020
 379653  269.040000  66.252500
 380187  309.595803  0.504863
 380188  309.606835  0.985264
 380205  309.785963  1.061663
 380213  309.855178 -1.030817
 380221  309.968615 -1.211102
 380233  310.049427  0.755464
 380236  310.091561  0.197042
 380243  310.161068 -5.682852
 380279  310.427205 -0.441473
 380301  310.515202 -0.359145
 380323  310.665368  1.055046
 380330  310.740636 -0.242197
 380351  310.877534 -0.183286
 380352  310.888342 -0.184525
 380360  310.990462 -5.488381
 380385  311.131071  1.220123
 380387  311.140068  0.843222
 380391  311.170756  0.941982
 380392  311.175319  0.913214
 380408  311.255534 -7.081293
 380459  311.649713  0.099344
 380486  311.787785 -6.999114
 380498  311.862996 -5.719672
 380504  311.931864 -0.562641
 380505  311.949988 -0.408708
 380536  312.296983 -0.304582
 380556  312.514778 -6.135040
 380572  312.607143 -6.871391
 380575  312.614030 -7.015676
 380591  312.770922 -0.979865
 380597  312.827831 -7.046140
 380603  312.861017 -7.091913
 380638  313.134673 -6.854336
 380916  315.427294  0.623481
 380925  315.502982  0.439847
 380960  315.700574 -0.035479
 380990  315.977450  0.204718
 381349  317.787747 -0.216456
 381354  317.798039 -6.974151
 381380  317.886109 -0.238456
 381455  318.126409 -6.558922
 381748  318.786429  10.720387
 381760  318.824203 -0.524004
 381854  319.040429  11.572139
 381856  319.045157  11.241405
 381871  319.069363 -0.861499
 381974  319.263038  10.292629
 382208  319.815085  10.189545
 382429  320.291495  11.226312
 382834  321.013783 -0.119996
 382842  321.022644 -0.002595
 382847  321.031852  11.849156
 382907  321.126892  0.082424
 383148  321.518002  0.771804
 383243  321.667558  11.471268
 383311  321.809497  0.047243
 383412  321.955078 -0.019454
 383425  321.973236 -0.030720
 383485  322.062146  0.348048
 383510  322.105104  0.166330
 383536  322.159204 -0.245397
 383568  322.204345  0.079910
 383576  322.211389 -0.049722
 383609  322.264377 -0.161670
 383631  322.290240  0.203989
 383684  322.353617 -0.126193
 383702  322.378107  0.229722
 383755  322.467281  0.545698
 383781  322.497815  0.577026
 383790  322.515212  0.261758
 383823  322.562181  0.055756
 383830  322.567807  0.502672
 383844  322.595307  0.455740
 383857  322.618880  0.949498
 383870  322.636046  0.627650
 383885  322.669431  0.836418
 383886  322.671325  0.633604
 383912  322.711406  0.653183
 384004  322.861226  0.335172
 384020  322.892274  0.856900
 384073  322.968292  1.090272
 384080  322.978227  0.982445
 384109  323.026063  0.319597
 384154  323.087431 -0.006149
 384160  323.105729  0.211650
 384183  323.149828 -0.230735
 384231  323.234627  0.456672
 384249  323.272168  0.706927
 384302  323.358882  0.105706
 384309  323.366636 -0.107842
 384362  323.456776 -0.100560
 384366  323.461005  0.165625
 384386  323.490629  0.267875
 384406  323.518442  0.265402
 384431  323.548218  0.467248
 384432  323.549907  0.830754
 384441  323.557712 -0.038133
 384456  323.578716 -0.948486
 384477  323.605987  0.514679
 384514  323.652008 -0.208319
 384519  323.660585  0.217787
 384533  323.679030  0.031005
 384535  323.679538  0.174732
 384547  323.692556  0.543448
 384560  323.708881  0.403380
 384571  323.718601  0.703835
 384581  323.736671  0.610848
 384591  323.751725 -0.285260
 384675  323.876632 -0.684699
 384786  324.057280  0.973886
 384849  324.122684  10.497847
 385065  324.488971 -1.173676
 385784  325.536538 -1.335982
 387502  327.763611 -5.235556
 387844  328.241465  0.993580
 387970  328.410950 -9.114334
 388124  328.582104 -9.298222
 388504  329.039674  1.228170
 388768  329.335697  1.040720
 388820  329.375556 -29.785278
 389459  330.072382 -0.026108
 389556  330.194065 -7.204266
 389614  330.265486 -0.686382
 389637  330.296230  1.064224
 389646  330.306111 -30.385833
 389778  330.433093 -0.684188
 390560  331.182299 -0.110754
 391274  331.896457  0.067040
 391383  332.016566  0.137668
 391496  332.123393 -0.840200
 391578  332.210250 -0.042945
 391696  332.319287  0.845611
 391742  332.361210 -0.650876
 391833  332.444720 -0.593206
 391889  332.507575 -0.219379
 391928  332.552333  0.267632
 392071  332.681308 -0.461395
 392138  332.751996  0.029449
 392204  332.826549 -0.454396
 392256  332.874030 -0.864225
 392309  332.927137  0.457910
 392350  332.975792  0.210784
 392400  333.022283 -0.247642
 392479  333.095818  1.299351
 392488  333.101740  0.910432
 392550  333.174931  0.415332
 392609  333.230038 -0.752321
 392646  333.260714  0.504423
 392661  333.271801  0.871195
 392663  333.273320  1.395704
 392669  333.278053 -0.232709
 392708  333.311328  0.569360
 392715  333.320918  0.620596
 392819  333.416864  0.374708
 392856  333.453236 -0.835521
 392932  333.522920  0.010839
 393004  333.579353 -0.196091
 393067  333.639904  0.615681
 393069  333.641713 -0.975741
 393134  333.701227  0.452298
 393154  333.718503  0.251173
 393215  333.784547 -0.139639
 393235  333.806112 -0.563048
 393268  333.838216  1.108561
 393277  333.848611 -17.721944
 393310  333.885278  0.810000
 393356  333.922555  0.446331
 393402  333.967269 -0.354870
 393465  334.016392  0.949854
 393492  334.039250 -17.778194
 393535  334.078246 -0.665326
 393539  334.080230 -0.408459
 393543  334.084434 -0.275657
 393552  334.098056 -17.721111
 393570  334.109250 -17.803583
 393582  334.122221  0.394566
 393590  334.131420  0.242221
 393669  334.202846  1.407414
 393683  334.219084  0.807875
 393744  334.279866 -0.789435
 393752  334.286831  0.454753
 393802  334.343567  1.076763
 393946  334.463730  0.196236
 393948  334.467233  1.049659
 393961  334.480018  0.253443
 393994  334.506389  0.888611
 394047  334.559199  0.347052
 394141  334.640560  0.452568
 394185  334.673000  0.887876
 394255  334.752731  0.136714
 394262  334.757829  0.007210
 394281  334.783153  0.673147
 394284  334.784035  0.865585
 394319  334.820887 -0.132662
 394392  334.892332  0.653272
 394434  334.944389  0.727953
 394459  334.966973  0.015038
 394475  334.986372  0.725670
 394492  335.005455  0.063658
 394499  335.011910  0.697113
 394630  335.149501 -0.221102
 396756  337.240990 -1.126342
 399003  339.334336  14.339943
 399004  339.335898  13.795573
 399890  340.108823  12.911698
 400129  340.332965  13.213977
 400241  340.446377  13.628795
 400340  340.532850  13.525314
 400461  340.647507  13.317766
 400502  340.690449  13.811249
 400571  340.759084  0.299147
 400607  340.790434  12.940883
 400613  340.793530  13.508809
 401047  341.182472 -0.347110
 401908  341.966072  22.700124
 402407  342.462169 -0.752592
 402412  342.466765 -0.854375
 402639  342.656049 -0.851199
 403811  343.609306 -1.078472
 404038  343.793640 -0.969682
 404799  344.440308 -0.379916
 404893  344.519562  0.498137
 404952  344.567838 -0.434121
 405080  344.668701 -0.421686
 405088  344.674957 -0.058222
 405111  344.694370  0.347730
 405116  344.699951 -0.358998
 405224  344.807098  0.443416
 405251  344.825669 -0.020002
 405468  345.012421 -0.007970
 405495  345.037897 -0.167134
 409980  348.896017  0.024375
 410174  349.044444 -0.058611
 410263  349.115821  0.998956
 410288  349.135331  0.134679
 410358  349.187778  0.187458
 410442  349.244235 -0.712837
 410494  349.293775  0.908347
 410498  349.294950  0.149905
 410614  349.370562  0.284167
 410634  349.390273  0.191212
 410661  349.410278  0.198611
 412291  350.691457 -0.851900
 412339  350.730416 -0.930324
 412613  350.943237  0.485725
 412634  350.963348  0.466889
 412698  351.019287  0.474876
 412752  351.070140  0.234531
 412768  351.084158  0.409127
 412790  351.100731  0.169948
 412829  351.125833  0.401893
 412877  351.160505 -0.097939
 412885  351.169022 -0.034443
 412978  351.240667  0.364797
 412984  351.244425 -0.050840
 412989  351.248779  0.247530
 413024  351.278484  0.911875
 413046  351.297649  0.875857
 413052  351.302733  0.173886
 413055  351.303253  0.056772
 413070  351.315582 -0.196428
 413071  351.315691  0.105288
 413075  351.316512  0.780513
 413197  351.416260 -0.085303
 413227  351.443740  0.297126
 413231  351.447949 -0.280044
 413252  351.461391 -0.366791
 413277  351.480988 -0.122296
 413310  351.501925 -0.341490
 413360  351.536906 -0.342962
 413392  351.562040  0.126267
 413419  351.580963  0.353151
 413420  351.581665  0.307335
 413468  351.618300  0.898704
 413474  351.621735 -0.293650
 413487  351.633850 -0.006403
 413498  351.644600  0.363794
 413526  351.670099 -1.666492
 413530  351.671134 -0.420020
 413536  351.676300  0.010725
 413603  351.721456  0.361926
 413658  351.772549 -0.210873
 413713  351.808808  0.165413
 413721  351.815067  0.237074
 413729  351.819580  0.482601
 413767  351.848711 -0.045322
 413805  351.883209  0.368315
 413878  351.927307  0.104968
 413888  351.932176  0.476946
 413900  351.939452 -0.177474
 413943  351.981083 -0.286944
 413949  351.988505 -0.009975
 413960  351.991458 -0.218772
 413965  351.995974  0.417968
 414025  352.047395  0.643034
 414062  352.073490  0.202207
 414068  352.083052  0.238959
 414085  352.092000  0.130417
 414104  352.106934 -0.293995
 414188  352.168627 -0.357971
 414194  352.172670  0.051366
 414231  352.199988 -0.453622
 414276  352.232849 -0.246513
 414312  352.262067 -0.454715
 414315  352.264231  0.207474
 414392  352.331796 -0.550992
 414409  352.344875  0.106167
 414429  352.364364 -0.187736
 414442  352.375688 -0.131321
 414562  352.473023  0.851844
 414568  352.479840  0.345534
 414615  352.513047 -10.220909
 414652  352.547606 -0.300049
 414739  352.612757  1.046793
 414757  352.620581  0.596086
 414759  352.621540  0.629621
 414780  352.634974  0.780795
 414877  352.710690  0.265401
 414918  352.735161  0.665028
 415110  352.881173  0.612343
 415115  352.883781  0.128133
 415119  352.887820 -0.935867
 415149  352.907887  0.793464
 415159  352.912397 -0.408120
 415169  352.921536 -1.444438
 415181  352.933040 -0.083719
 415231  352.968021 -1.111716
 415242  352.979243 -1.254186
 415268  352.994249 -0.902898
 415283  353.005948 -0.948675
 415286  353.006964  0.171102
 415313  353.028699 -1.717267
 415360  353.061854  0.325054
 415373  353.075560  0.161659
 415379  353.077615 -0.978532
 415386  353.083481 -0.343883
 415418  353.106900  0.026268
 415425  353.112444  0.695526
 415430  353.117552  0.009120
 415436  353.122394  0.461192
 415442  353.126734  0.027118
 415502  353.184352 -0.919312
 415513  353.191796  0.703653
 415584  353.245422 -1.099063
 415585  353.247437 -0.062251
 415636  353.281920  0.928942
 415669  353.310771  0.066298
 415674  353.316231 -0.081352
 415706  353.346847  0.920830
 415717  353.354868 -0.976451
 415734  353.370859 -0.052270
 415745  353.377383 -0.808971
 415761  353.390520 -0.737919
 415798  353.420565  0.643220
 415799  353.422796  0.888439
 415824  353.443881  0.254265
 415832  353.449366 -0.298534
 415838  353.453559 -1.043868
 415841  353.455181 -0.565448
 415847  353.458577 -1.131552
 415877  353.478360  0.261466
 415886  353.490068 -0.260521
 415985  353.566593 -1.180761
 416003  353.582133 -1.473582
 416059  353.626264  0.840681
 416085  353.648877 -0.227120
 416095  353.661119 -0.919300
 416127  353.677471 -1.371444
 416147  353.691090 -1.245688
 416207  353.732278  0.722346
 416217  353.737133 -0.063469
 416222  353.740487 -0.147764
 416229  353.745779 -0.116788
 416250  353.760922  0.624233
 416317  353.813762 -0.136831
 416339  353.827659  0.550604
 416372  353.848033  0.481388
 417723  354.928384  14.250259
 418153  355.256593  14.526138
 419673  356.471268  0.854637
 420309  357.005553 -10.217579
 420839  357.387687  1.256726
 420936  357.447903 -2.482103
 422023  358.190244 -9.907597
 422686  358.643248 -10.268125
 422820  358.752791 -10.151484
