 4333  1.22  8611.3895
 5849  1.37  9945.6125
 5994  1.33  9586.3369
 6082  2.09  16756.7019
 6522  1.36  9855.5660
 6959  1.59  11962.3129
 7331  1.37  9945.6125
 7863  0.40  2201.8744
 8165  0.84  5418.8858
 9120  0.43  2399.2754
 14954  0.79  5023.1849
 15503  1.54  11498.2730
 15613  1.45  10671.2609
 15698  1.23  8699.1952
 15829  1.78  13753.1002
 16468  1.50  11129.3689
 18231  1.45  10671.2609
 20866  0.85  5498.7992
 21110  1.53  11405.8498
 21416  2.25  18341.1936
 21637  1.80  13943.9715
 24605  1.41  10307.2810
 24872  1.67  12711.2080
 25010  1.13  7829.0522
 25094  0.84  5418.8858
 25649  1.61  12148.8081
 25713  1.35  9765.6703
 27283  0.66  4026.8088
 27505  1.75  13467.6059
 27530  1.25  8875.3144
 27649  0.63  3804.0952
 27712  0.84  5418.8858
 27783  2.31  18940.7630
 27844  2.40  19845.3067
 28103  1.85  14423.0017
 28165  1.10  7571.5746
 28219  0.97  6476.5751
 28384  1.80  13943.9715
 28409  2.13  17150.7964
 28457  1.48  10945.7161
 28472  1.66  12617.1765
 28519  1.66  12617.1765
 28558  0.75  4711.4426
 28561  1.29  9229.5404
 28691  1.83  14231.0758
 28715  1.30  9318.5022
 28742  2.27  18540.7350
 28773  1.53  11405.8498
 42406  1.16  8088.2127
 42704  0.87  5659.3763
 42934  0.83  5339.2263
 42974  0.83  5339.2263
 43150  1.14  7915.2545
 46879  0.96  6393.8239
 46957  1.14  7915.2545
 47005  0.75  4711.4426
 47207  2.57  21569.9243
 47702  1.31  9407.6232
 47920  0.98  6559.5467
 47954  0.86  5578.9636
 47978  1.58  11869.2517
 47999  1.11  7657.2104
 48052  1.89  14808.0828
 48143  1.60  12055.4987
 48170  0.77  4866.7640
 48199  1.87  14615.3393
 48284  1.41  10307.2810
 48309  1.44  10580.0536
 48325  0.78  4944.8386
 48378  1.51  11221.3967
 48406  1.00  6726.1413
 48461  2.00  15875.1912
 48523  1.46  10762.6079
 48527  0.46  2600.3940
 48533  0.53  3083.3845
 48552  1.08  7400.8828
 48677  2.43  20148.1599
 48687  0.82  5259.8235
 48814  1.21  8523.7552
 48849  0.65  3952.2533
 48880  0.56  3295.9550
 48902  1.19  8349.0074
 48910  1.49  11037.4749
 48929  0.78  4944.8386
 49052  1.11  7657.2104
 49131  1.50  11129.3689
 49193  0.86  5578.9636
 49197  1.14  7915.2545
 49217  0.67  4101.6768
 49233  1.79  13848.4822
 49294  1.81  14039.5674
 49295  0.85  5498.7992
 49311  1.64  12429.4685
 49321  1.37  9945.6125
 49370  0.91  5983.4557
 49383  0.87  5659.3763
 49398  1.54  11498.2730
 49448  0.74  4634.2023
 49524  1.38  10035.8085
 49530  1.64  12429.4685
 49531  1.66  12617.1765
 49548  1.43  10488.9870
 49561  1.85  14423.0017
 49570  0.78  4944.8386
 49602  1.22  8611.3895
 49618  1.43  10488.9870
 49658  1.11  7657.2104
 49662  1.01  6809.7598
 49667  2.27  18540.7350
 49689  0.45  2532.9498
 49726  0.70  4328.1198
 49737  1.02  6893.5896
 49768  0.71  4404.2018
 49777  1.05  7146.3242
 49794  1.66  12617.1765
 49795  1.88  14711.6606
 49861  1.18  8261.8972
 49871  1.45  10671.2609
 49904  0.40  2201.8744
 49910  0.79  5023.1849
 49921  0.95  6311.2953
 49934  1.06  7230.9772
 49938  1.62  12242.2401
 49940  1.17  8174.9651
 49969  1.15  8001.6420
 49984  1.27  9052.1002
 50031  1.51  11221.3967
 50090  1.25  8875.3144
 50203  2.15  17348.3609
 50209  1.07  7315.8307
 50270  1.25  8875.3144
 50372  2.32  19040.9643
 50391  1.10  7571.5746
 50411  2.18  17645.3426
 50442  1.60  12055.4987
 50456  0.63  3804.0952
 50481  1.40  10216.6441
 50590  1.45  10671.2609
 50611  1.39  10126.1528
 50613  1.08  7400.8828
 50627  0.65  3952.2533
 50647  0.57  3367.5225
 50660  2.27  18540.7350
 50666  1.05  7146.3242
 50673  0.39  2136.9241
 50688  2.97  25701.9029
 50699  1.23  8699.1952
 50718  0.37  2008.3301
 50745  1.29  9229.5404
 50760  0.22  1103.6642
 50774  0.57  3367.5225
 50776  2.01  15972.7722
 50813  1.04  7061.8739
 50815  1.59  11962.3129
 50819  0.75  4711.4426
 50891  1.15  8001.6420
 50905  0.63  3804.0952
 50929  0.75  4711.4426
 50935  0.78  4944.8386
 50944  0.34  1818.7862
 50946  0.30  1572.5421
 50957  1.32  9496.9019
 50978  2.22  18042.4825
 50992  2.10  16855.0949
 51026  1.63  12335.7939
 51074  1.20  8436.2939
 51094  1.67  12711.2080
 51102  1.22  8611.3895
 51108  0.97  6476.5751
 51111  1.58  11869.2517
 51136  0.93  6146.9156
 51153  1.03  6977.6283
 51164  0.66  4026.8088
 51176  0.76  4788.9643
 51179  1.92  15097.9475
 51187  0.33  1756.5196
 51209  1.24  8787.1707
 51213  1.65  12523.2630
 51221  1.40  10216.6441
 51229  1.28  9140.7393
 51246  1.13  7829.0522
 51254  1.73  13277.8273
 51276  2.31  18940.7630
 51278  1.34  9675.9268
 51287  2.33  19141.2425
 51297  1.81  14039.5674
 51298  0.97  6476.5751
 51299  1.04  7061.8739
 51339  1.15  8001.6420
 51379  1.53  11405.8498
 51395  2.17  17546.2648
 51410  1.65  12523.2630
 51425  0.70  4328.1198
 51430  0.99  6642.7361
 51444  1.56  11683.5071
 51457  1.01  6809.7598
 51482  1.65  12523.2630
 51490  0.58  3439.4382
 51491  1.06  7230.9772
 51499  0.78  4944.8386
 51507  1.71  13088.4970
 51524  0.91  5983.4557
 51526  1.47  10854.0934
 51542  3.08  26854.5568
 51563  1.37  9945.6125
 51564  0.62  3730.5001
 51583  1.94  15291.6824
 51602  1.36  9855.5660
 51619  1.75  13467.6059
 51651  0.94  6228.9917
 51661  0.57  3367.5225
 51664  1.95  15388.6955
 51693  0.43  2399.2754
 51715  1.23  8699.1952
 51730  1.30  9318.5022
 51735  2.20  17843.7479
 51759  0.81  5180.6803
 51782  0.55  3224.7400
 51802  1.21  8523.7552
 51827  1.22  8611.3895
 51837  1.07  7315.8307
 51840  1.47  10854.0934
 51845  1.19  8349.0074
 51851  1.05  7146.3242
 51870  1.28  9140.7393
 51881  1.64  12429.4685
 51931  0.85  5498.7992
 51943  1.77  13657.8263
 51946  0.47  2668.2363
 51947  0.91  5983.4557
 51959  1.25  8875.3144
 51978  2.05  16364.0153
 51990  2.27  18540.7350
 52001  0.71  4404.2018
 52007  0.51  2943.4912
 52046  1.04  7061.8739
 52053  2.42  20047.1359
 52070  1.82  14135.2691
 52099  1.92  15097.9475
 52114  1.44  10580.0536
 52144  0.79  5023.1849
 52165  1.75  13467.6059
 52182  2.33  19141.2425
 52212  2.00  15875.1912
 52253  0.88  5740.0346
 52277  0.83  5339.2263
 52279  1.82  14135.2691
 52294  2.26  18440.9245
 52316  1.48  10945.7161
 52342  1.23  8699.1952
 52371  1.50  11129.3689
 52392  2.20  17843.7479
 52396  2.56  21467.9208
 52423  0.56  3295.9550
 52462  1.44  10580.0536
 52500  2.82  24141.0404
 52520  0.80  5101.7998
 52529  1.16  8088.2127
 52537  0.79  5023.1849
 52562  1.12  7743.0369
 52564  1.56  11683.5071
 52598  1.64  12429.4685
 52633  0.79  5023.1849
 52637  1.23  8699.1952
 52660  1.12  7743.0369
 52667  1.29  9229.5404
 52684  1.38  10035.8085
 52705  2.44  20249.2562
 52731  1.66  12617.1765
 52737  1.29  9229.5404
 52762  1.21  8523.7552
 52797  1.10  7571.5746
 52886  1.34  9675.9268
 52891  1.05  7146.3242
 52893  1.81  14039.5674
 52895  1.16  8088.2127
 52955  0.69  4252.3359
 52963  2.01  15972.7722
 52972  2.52  21060.5869
 52984  2.10  16855.0949
 52990  2.04  16266.0678
 52997  1.66  12617.1765
 53001  1.55  11590.8257
 53015  1.50  11129.3689
 53037  0.73  4557.2464
 53067  0.68  4176.8537
 53080  0.71  4404.2018
 53097  2.33  19141.2425
 53108  1.16  8088.2127
 53122  1.43  10488.9870
 53151  2.02  16070.4456
 53169  1.61  12148.8081
 53212  1.35  9765.6703
 53226  0.42  2333.0552
 53242  1.64  12429.4685
 53245  1.57  11776.3161
 53254  1.50  11129.3689
 53269  1.18  8261.8972
 53288  1.55  11590.8257
 53307  0.99  6642.7361
 53373  1.93  15194.7662
 53413  1.49  11037.4749
 53426  1.03  6977.6283
 53429  1.02  6893.5896
 53460  0.62  3730.5001
 53491  0.88  5740.0346
 53524  1.39  10126.1528
 53559  1.50  11129.3689
 53565  1.51  11221.3967
 53581  0.71  4404.2018
 53615  0.78  4944.8386
 53651  0.79  5023.1849
 53659  0.84  5418.8858
 53703  0.92  6065.0694
 54106  2.41  19946.1847
 54122  1.21  8523.7552
 54160  0.62  3730.5001
 55119  0.91  5983.4557
 55431  0.72  4480.5785
 55432  2.04  16266.0678
 61621  1.54  11498.2730
 61811  1.30  9318.5022
 62922  2.66  22490.9431
 62974  2.17  17546.2648
 62992  1.03  6977.6283
 63013  0.77  4866.7640
 63192  0.61  3657.2329
 63351  2.02  16070.4456
 64604  0.92  6065.0694
 66223  0.92  6065.0694
 67611  0.46  2600.3940
 67999  1.69  12899.6216
 73832  1.80  13943.9715
 75263  0.77  4866.7640
 77140  0.54  3153.8817
 87700  2.27  18540.7350
 92695  0.99  6642.7361
 93029  0.91  5983.4557
 93182  1.33  9586.3369
 94812  1.35  9765.6703
 94851  1.94  15291.6824
 95782  2.23  18141.9721
 95804  1.70  12994.0020
 95949  0.94  6228.9917
 97786  0.98  6559.5467
 98311  1.02  6893.5896
 102009  1.63  12335.7939
 103847  1.11  7657.2104
 104757  1.32  9496.9019
 104903  1.34  9675.9268
 105023  1.57  11776.3161
 105313  2.47  20552.9756
 105411  0.34  1818.7862
 105459  0.80  5101.7998
 105472  2.54  21264.1172
 105669  2.42  20047.1359
 105711  0.66  4026.8088
 105835  0.65  3952.2533
 105887  0.83  5339.2263
 105991  1.36  9855.5660
 106162  0.56  3295.9550
 106382  0.35  1881.5139
 107060  1.21  8523.7552
 107063  0.80  5101.7998
 107559  1.06  7230.9772
 108383  1.90  14904.6052
 111220  1.41  10307.2810
 111358  1.61  12148.8081
 113863  0.72  4480.5785
 114859  0.91  5983.4557
 115358  0.71  4404.2018
 115903  1.19  8349.0074
 116925  0.58  3439.4382
 116955  1.40  10216.6441
 118782  0.83  5339.2263
 120718  1.00  6726.1413
 121194  0.93  6146.9156
 121519  1.34  9675.9268
 122238  1.82  14135.2691
 137760  0.99  6642.7361
 138140  0.60  3584.2974
 138169  1.44  10580.0536
 138259  2.37  19543.1155
 138273  1.51  11221.3967
 138284  1.18  8261.8972
 138299  1.40  10216.6441
 138353  0.96  6393.8239
 138470  2.26  18440.9245
 138531  1.33  9586.3369
 138566  2.01  15972.7722
 138631  1.95  15388.6955
 138700  1.12  7743.0369
 138713  2.33  19141.2425
 138753  1.08  7400.8828
 138783  1.13  7829.0522
 138990  2.48  20654.3577
 139039  1.53  11405.8498
 139269  2.01  15972.7722
 139281  1.19  8349.0074
 139296  4.17  38583.9370
 139312  1.57  11776.3161
 139318  1.60  12055.4987
 139344  1.61  12148.8081
 139358  0.47  2668.2363
 139510  1.12  7743.0369
 139594  1.35  9765.6703
 139607  1.41  10307.2810
 139611  2.17  17546.2648
 139686  1.89  14808.0828
 139692  1.19  8349.0074
 139848  1.21  8523.7552
 139873  1.77  13657.8263
 139886  1.52  11313.5574
 139904  1.55  11590.8257
 139913  1.12  7743.0369
 140045  0.66  4026.8088
 140142  0.38  2072.4076
 140281  2.12  17052.1427
 140361  1.41  10307.2810
 140524  0.75  4711.4426
 140547  1.13  7829.0522
 140553  1.46  10762.6079
 140622  1.07  7315.8307
 140713  0.48  2736.4720
 140796  0.85  5498.7992
 140924  1.63  12335.7939
 140934  0.70  4328.1198
 140945  0.85  5498.7992
 140950  1.25  8875.3144
 140951  2.50  20857.3328
 141001  2.17  17546.2648
 141011  0.86  5578.9636
 141119  0.59  3511.6979
 141141  1.58  11869.2517
 141181  0.83  5339.2263
 141183  0.52  3013.2529
 141245  1.83  14231.0758
 141257  1.44  10580.0536
 141353  1.70  12994.0020
 141503  0.69  4252.3359
 141507  1.56  11683.5071
 141550  2.15  17348.3609
 141593  0.61  3657.2329
 141653  1.68  12805.3566
 141672  2.46  20451.6645
 141708  1.56  11683.5071
 141715  1.80  13943.9715
 141722  0.99  6642.7361
 141726  1.46  10762.6079
 141744  0.69  4252.3359
 141757  1.05  7146.3242
 141785  0.91  5983.4557
 141851  1.71  13088.4970
 141858  2.61  21978.6075
 141878  1.73  13277.8273
 142067  0.98  6559.5467
 142166  1.30  9318.5022
 142177  2.06  16462.0531
 142190  0.97  6476.5751
 142271  1.60  12055.4987
 142278  1.26  8963.6247
 142283  1.43  10488.9870
 142297  0.85  5498.7992
 142330  2.02  16070.4456
 142372  0.52  3013.2529
 142373  0.73  4557.2464
 142546  1.11  7657.2104
 142571  1.51  11221.3967
 142621  1.29  9229.5404
 142706  1.22  8611.3895
 142707  2.89  24867.8278
 142708  1.78  13753.1002
 142806  0.68  4176.8537
 142853  0.68  4176.8537
 142895  1.83  14231.0758
 142916  2.13  17150.7964
 142925  1.09  7486.1314
 142933  1.88  14711.6606
 142976  0.80  5101.7998
 143019  0.98  6559.5467
 143339  1.14  7915.2545
 143690  2.03  16168.2110
 143892  0.79  5023.1849
 143909  1.59  11962.3129
 144531  2.12  17052.1427
 144747  2.39  19744.5022
 149320  1.04  7061.8739
 149388  2.28  18640.6245
 149582  1.61  12148.8081
 149637  0.98  6559.5467
 149704  0.85  5498.7992
 150544  2.26  18440.9245
 152677  1.72  13183.1057
 152706  0.83  5339.2263
 153199  1.17  8174.9651
 153577  2.02  16070.4456
 153651  1.99  15777.7034
 155491  1.51  11221.3967
 155962  1.25  8875.3144
 156920  1.71  13088.4970
 157016  1.81  14039.5674
 157121  1.72  13183.1057
 157172  0.74  4634.2023
 157204  0.60  3584.2974
 157209  0.33  1756.5196
 157307  1.63  12335.7939
 157342  0.81  5180.6803
 157409  1.14  7915.2545
 157646  1.15  8001.6420
 157753  1.39  10126.1528
 157916  1.52  11313.5574
 157938  1.55  11590.8257
 158463  1.65  12523.2630
 158797  2.18  17645.3426
 158808  1.35  9765.6703
 159183  1.69  12899.6216
 159205  1.38  10035.8085
 159232  1.94  15291.6824
 160790  1.19  8349.0074
 162038  1.57  11776.3161
 162234  2.00  15875.1912
 163504  0.68  4176.8537
 163870  1.69  12899.6216
 164246  0.55  3224.7400
 164361  1.24  8787.1707
 164500  0.56  3295.9550
 164750  2.39  19744.5022
 165235  2.43  20148.1599
 166260  1.53  11405.8498
 166294  0.95  6311.2953
 167788  0.73  4557.2464
 167808  0.72  4480.5785
 168628  0.87  5659.3763
 168720  1.70  12994.0020
 168742  0.97  6476.5751
 169275  0.57  3367.5225
 169453  2.23  18141.9721
 169745  0.59  3511.6979
 170121  1.90  14904.6052
 170181  1.89  14808.0828
 170723  1.57  11776.3161
 170736  1.25  8875.3144
 170748  1.42  10398.0624
 170951  1.19  8349.0074
 171256  1.83  14231.0758
 171260  1.12  7743.0369
 171307  0.99  6642.7361
 171344  1.47  10854.0934
 171511  2.13  17150.7964
 171757  1.51  11221.3967
 171772  1.67  12711.2080
 171806  0.43  2399.2754
 171859  0.89  5820.9356
 172364  1.74  13372.6609
 172396  0.90  5902.0769
 172424  1.80  13943.9715
 172697  0.89  5820.9356
 172721  2.55  21365.9850
 172804  1.19  8349.0074
 172835  1.78  13753.1002
 172927  0.80  5101.7998
 173016  2.22  18042.4825
 173060  1.10  7571.5746
 173154  2.04  16266.0678
 173181  0.67  4101.6768
 173244  1.73  13277.8273
 173251  2.15  17348.3609
 173269  0.66  4026.8088
 173461  0.50  2874.1041
 173466  2.15  17348.3609
 173495  0.44  2465.9086
 173517  1.44  10580.0536
 173537  0.88  5740.0346
 173645  0.79  5023.1849
 173656  1.35  9765.6703
 173759  1.28  9140.7393
 173793  1.89  14808.0828
 173827  1.36  9855.5660
 173888  1.57  11776.3161
 173898  2.22  18042.4825
 173942  1.51  11221.3967
 173947  1.15  8001.6420
 174021  2.17  17546.2648
 174027  0.80  5101.7998
 174032  2.12  17052.1427
 174074  0.73  4557.2464
 174110  1.65  12523.2630
 174146  1.65  12523.2630
 174154  1.16  8088.2127
 174158  1.36  9855.5660
 174172  1.79  13848.4822
 174267  1.52  11313.5574
 174313  2.23  18141.9721
 174394  0.78  4944.8386
 174450  0.77  4866.7640
 174455  1.66  12617.1765
 174501  1.19  8349.0074
 174511  1.33  9586.3369
 174696  1.31  9407.6232
 174700  1.31  9407.6232
 174702  1.07  7315.8307
 174753  1.29  9229.5404
 174798  0.68  4176.8537
 174930  1.76  13562.6612
 174947  1.83  14231.0758
 175038  0.63  3804.0952
 175051  0.91  5983.4557
 175400  0.88  5740.0346
 175437  1.27  9052.1002
 175443  1.47  10854.0934
 175487  1.18  8261.8972
 175566  1.13  7829.0522
 175594  0.98  6559.5467
 175609  1.59  11962.3129
 175794  0.64  3878.0142
 176058  1.04  7061.8739
 176102  2.38  19643.7716
 176168  1.02  6893.5896
 176176  2.31  18940.7630
 176179  1.65  12523.2630
 176245  0.53  3083.3845
 176349  0.96  6393.8239
 176454  2.04  16266.0678
 176568  1.67  12711.2080
 176652  2.16  17447.2707
 176683  1.69  12899.6216
 176813  0.77  4866.7640
 176919  0.64  3878.0142
 176945  1.36  9855.5660
 178658  1.75  13467.6059
 178941  0.87  5659.3763
 182986  1.56  11683.5071
 183089  1.63  12335.7939
 183484  0.75  4711.4426
 184206  1.34  9675.9268
 184678  1.77  13657.8263
 184921  0.81  5180.6803
 185683  1.87  14615.3393
 185887  1.02  6893.5896
 186300  1.47  10854.0934
 186677  1.03  6977.6283
 187111  1.23  8699.1952
 187373  0.65  3952.2533
 189383  1.18  8261.8972
 189430  0.57  3367.5225
 189552  1.18  8261.8972
 191749  0.83  5339.2263
 191755  0.81  5180.6803
 191947  1.34  9675.9268
 203322  0.94  6228.9917
 203476  1.10  7571.5746
 226023  0.61  3657.2329
 226236  1.88  14711.6606
 226326  1.79  13848.4822
 226358  1.09  7486.1314
 226839  2.14  17249.5360
 227050  0.92  6065.0694
 227142  0.70  4328.1198
 227336  1.24  8787.1707
 227408  1.32  9496.9019
 227573  0.60  3584.2974
 227700  1.71  13088.4970
 227847  0.64  3878.0142
 227875  0.40  2201.8744
 227889  0.57  3367.5225
 228205  1.20  8436.2939
 229005  2.28  18640.6245
 229046  2.71  23004.8875
 229153  0.89  5820.9356
 229161  0.74  4634.2023
 229184  0.92  6065.0694
 229347  0.63  3804.0952
 229352  1.50  11129.3689
 229882  2.38  19643.7716
 230059  1.93  15194.7662
 230372  1.71  13088.4970
 230390  0.79  5023.1849
 230434  1.11  7657.2104
 230507  1.44  10580.0536
 230527  0.65  3952.2533
 230534  0.92  6065.0694
 230730  2.15  17348.3609
 230819  0.65  3952.2533
 230938  0.43  2399.2754
 230959  0.49  2805.0962
 231092  2.58  21671.9950
 231141  0.99  6642.7361
 231351  2.07  16560.1805
 231435  0.57  3367.5225
 231444  0.40  2201.8744
 231473  1.04  7061.8739
 231561  0.86  5578.9636
 231571  2.67  22593.6045
 232215  0.37  2008.3301
 233307  0.77  4866.7640
 233570  1.06  7230.9772
 233668  2.20  17843.7479
 234032  1.80  13943.9715
 234159  0.66  4026.8088
 234214  2.17  17546.2648
 234312  1.35  9765.6703
 234426  1.75  13467.6059
 234680  0.66  4026.8088
 234688  1.83  14231.0758
 234907  0.59  3511.6979
 235025  1.27  9052.1002
 235032  1.61  12148.8081
 235348  0.85  5498.7992
 235995  1.09  7486.1314
 236126  0.84  5418.8858
 236150  1.30  9318.5022
 236261  1.38  10035.8085
 236283  1.21  8523.7552
 236370  1.35  9765.6703
 236479  0.97  6476.5751
 236486  1.90  14904.6052
 236554  1.62  12242.2401
 236750  1.77  13657.8263
 236825  1.83  14231.0758
 236850  0.34  1818.7862
 236851  1.64  12429.4685
 236885  2.15  17348.3609
 236895  1.14  7915.2545
 237027  0.95  6311.2953
 237153  1.59  11962.3129
 237194  1.37  9945.6125
 237231  0.56  3295.9550
 237266  1.26  8963.6247
 237283  0.81  5180.6803
 237295  1.18  8261.8972
 237387  1.42  10398.0624
 237460  0.65  3952.2533
 237474  0.12  565.8816
 237515  0.46  2600.3940
 237573  1.44  10580.0536
 237578  0.84  5418.8858
 237613  1.95  15388.6955
 237678  1.87  14615.3393
 237694  2.91  25076.0051
 237740  0.78  4944.8386
 237744  1.33  9586.3369
 237794  1.68  12805.3566
 237844  0.53  3083.3845
 237866  2.11  16953.5754
 237893  1.83  14231.0758
 238100  2.47  20552.9756
 238240  0.61  3657.2329
 238352  0.29  1512.1764
 238400  1.09  7486.1314
 238407  1.30  9318.5022
 238436  0.65  3952.2533
 238539  0.98  6559.5467
 238650  0.76  4788.9643
 238946  1.29  9229.5404
 239042  1.51  11221.3967
 239271  1.30  9318.5022
 239554  1.57  11776.3161
 239810  2.18  17645.3426
 239859  0.90  5902.0769
 239921  1.11  7657.2104
 239979  1.20  8436.2939
 240181  2.43  20148.1599
 240244  2.30  18840.6389
 240373  2.32  19040.9643
 241496  0.69  4252.3359
 241770  0.82  5259.8235
 242120  2.31  18940.7630
 242435  0.36  1944.6970
 242564  1.87  14615.3393
 242961  2.31  18940.7630
 242984  0.76  4788.9643
 244535  0.84  5418.8858
 245189  2.15  17348.3609
 246337  1.06  7230.9772
 246495  0.98  6559.5467
 246859  0.50  2874.1041
 248013  2.26  18440.9245
 252332  2.36  19442.5340
 252393  0.38  2072.4076
 252645  1.25  8875.3144
 252722  2.47  20552.9756
 252871  0.47  2668.2363
 252909  1.15  8001.6420
 253023  2.02  16070.4456
 253049  0.38  2072.4076
 253062  0.60  3584.2974
 253221  1.47  10854.0934
 253260  1.46  10762.6079
 253337  2.04  16266.0678
 253529  1.26  8963.6247
 253546  0.60  3584.2974
 253583  2.11  16953.5754
 253613  1.57  11776.3161
 253752  0.40  2201.8744
 253863  1.34  9675.9268
 253872  1.45  10671.2609
 253898  1.61  12148.8081
 254259  1.98  15680.3093
 254568  1.45  10671.2609
 254644  0.76  4788.9643
 254670  0.79  5023.1849
 254860  1.07  7315.8307
 254976  1.03  6977.6283
 255024  0.99  6642.7361
 255052  1.72  13183.1057
 255236  1.55  11590.8257
 255338  1.62  12242.2401
 255458  2.22  18042.4825
 255616  2.01  15972.7722
 255630  0.38  2072.4076
 255664  2.16  17447.2707
 255765  1.09  7486.1314
 255976  2.99  25910.9840
 256008  2.40  19845.3067
 256572  1.92  15097.9475
 256751  0.76  4788.9643
 257259  0.56  3295.9550
 257376  0.73  4557.2464
 257403  1.19  8349.0074
 257480  1.25  8875.3144
 258307  0.97  6476.5751
 258847  0.71  4404.2018
 260272  0.89  5820.9356
 261883  1.00  6726.1413
 269538  0.78  4944.8386
 270381  0.59  3511.6979
 273293  0.93  6146.9156
 273369  1.48  10945.7161
 273523  1.56  11683.5071
 273926  1.73  13277.8273
 273930  1.64  12429.4685
 274446  1.03  6977.6283
 274664  0.65  3952.2533
 275255  0.88  5740.0346
 275375  1.68  12805.3566
 276786  1.57  11776.3161
 277136  2.27  18540.7350
 277633  1.19  8349.0074
 286634  2.29  18740.5926
 287218  1.20  8436.2939
 288274  0.65  3952.2533
 288288  2.83  24244.6904
 288304  1.53  11405.8498
 288590  1.67  12711.2080
 288749  1.69  12899.6216
 288771  1.41  10307.2810
 288972  2.09  16756.7019
 289233  1.73  13277.8273
 289454  1.95  15388.6955
 289504  0.96  6393.8239
 289615  1.61  12148.8081
 289701  0.65  3952.2533
 289703  1.84  14326.9870
 289752  1.28  9140.7393
 289758  0.66  4026.8088
 291587  0.53  3083.3845
 292667  1.48  10945.7161
 293859  1.30  9318.5022
 294026  1.95  15388.6955
 294073  1.52  11313.5574
 294099  0.36  1944.6970
 294183  0.27  1392.9200
 294661  1.35  9765.6703
 295691  0.86  5578.9636
 297182  2.49  20755.8102
 301706  2.37  19543.1155
 301740  0.79  5023.1849
 302120  1.87  14615.3393
 302459  1.48  10945.7161
 302482  1.71  13088.4970
 302504  2.36  19442.5340
 302633  0.66  4026.8088
 302658  1.14  7915.2545
 302741  0.98  6559.5467
 302742  0.75  4711.4426
 303377  1.77  13657.8263
 303476  0.29  1512.1764
 303648  1.22  8611.3895
 303675  1.71  13088.4970
 303997  1.72  13183.1057
 304619  1.79  13848.4822
 304843  0.17  827.7190
 304909  0.70  4328.1198
 305239  2.01  15972.7722
 305292  0.30  1572.5421
 305445  1.59  11962.3129
 305926  1.18  8261.8972
 305935  1.23  8699.1952
 306232  2.12  17052.1427
 306292  1.81  14039.5674
 306394  0.90  5902.0769
 307250  1.85  14423.0017
 307316  1.56  11683.5071
 307423  2.34  19241.5972
 307471  1.25  8875.3144
 307591  1.52  11313.5574
 307613  2.18  17645.3426
 307656  0.82  5259.8235
 307790  1.17  8174.9651
 307848  1.46  10762.6079
 308054  1.86  14519.1194
 308089  0.80  5101.7998
 308123  1.64  12429.4685
 308142  1.57  11776.3161
 308263  1.32  9496.9019
 308304  1.31  9407.6232
 308893  1.75  13467.6059
 309860  1.51  11221.3967
 309913  2.18  17645.3426
 310001  1.58  11869.2517
 310465  1.87  14615.3393
 310525  1.12  7743.0369
 310860  1.12  7743.0369
 310980  1.70  12994.0020
 311120  1.04  7061.8739
 311242  1.57  11776.3161
 311294  0.83  5339.2263
 311385  1.15  8001.6420
 311873  1.36  9855.5660
 311957  1.61  12148.8081
 311971  1.06  7230.9772
 312134  1.20  8436.2939
 312199  2.59  21774.1326
 312255  1.08  7400.8828
 313482  1.37  9945.6125
 313521  1.16  8088.2127
 313622  0.83  5339.2263
 313931  0.59  3511.6979
 314076  0.96  6393.8239
 314081  0.65  3952.2533
 314414  0.94  6228.9917
 314619  1.10  7571.5746
 314664  1.07  7315.8307
 314668  1.23  8699.1952
 314812  1.13  7829.0522
 314933  1.40  10216.6441
 315009  1.64  12429.4685
 315098  0.77  4866.7640
 315167  1.82  14135.2691
 315188  1.95  15388.6955
 315271  1.02  6893.5896
 315282  0.85  5498.7992
 315644  2.33  19141.2425
 316067  0.76  4788.9643
 316173  2.35  19342.0278
 316394  1.73  13277.8273
 316457  1.49  11037.4749
 319489  0.65  3952.2533
 321648  0.68  4176.8537
 337817  0.58  3439.4382
 356473  0.56  3295.9550
 357662  1.16  8088.2127
 357818  0.58  3439.4382
 358009  0.81  5180.6803
 359032  0.82  5259.8235
 359316  1.19  8349.0074
 359335  0.39  2136.9241
 359370  0.72  4480.5785
 359777  2.30  18840.6389
 359951  1.91  15001.2269
 359957  0.82  5259.8235
 359995  0.61  3657.2329
 361133  1.06  7230.9772
 361163  0.74  4634.2023
 361446  0.46  2600.3940
 362744  1.15  8001.6420
 363423  1.27  9052.1002
 363684  3.18  27908.0153
 363946  0.80  5101.7998
 369311  2.72  23107.8660
 369319  1.20  8436.2939
 369486  0.90  5902.0769
 369666  1.18  8261.8972
 369829  0.24  1217.8129
 370953  1.82  14135.2691
 371096  1.90  14904.6052
 371185  1.58  11869.2517
 372247  1.23  8699.1952
 372416  0.86  5578.9636
 372615  0.85  5498.7992
 372763  0.77  4866.7640
 372769  1.04  7061.8739
 376917  0.62  3730.5001
 377045  0.27  1392.9200
 377296  0.87  5659.3763
 377360  1.49  11037.4749
 378363  0.81  5180.6803
 378454  1.00  6726.1413
 378455  2.00  15875.1912
 379653  0.64  3878.0142
 380187  1.64  12429.4685
 380188  1.78  13753.1002
 380205  1.47  10854.0934
 380213  1.42  10398.0624
 380221  1.25  8875.3144
 380233  1.38  10035.8085
 380236  0.80  5101.7998
 380243  1.55  11590.8257
 380279  1.00  6726.1413
 380301  1.64  12429.4685
 380323  1.98  15680.3093
 380330  0.92  6065.0694
 380351  1.87  14615.3393
 380352  0.55  3224.7400
 380360  1.19  8349.0074
 380385  0.98  6559.5467
 380387  0.48  2736.4720
 380391  1.48  10945.7161
 380392  1.65  12523.2630
 380408  0.67  4101.6768
 380459  1.90  14904.6052
 380486  1.42  10398.0624
 380498  0.68  4176.8537
 380504  1.32  9496.9019
 380505  1.34  9675.9268
 380536  1.30  9318.5022
 380556  1.22  8611.3895
 380572  1.94  15291.6824
 380575  0.84  5418.8858
 380591  0.54  3153.8817
 380597  1.56  11683.5071
 380603  1.18  8261.8972
 380638  1.50  11129.3689
 380916  2.01  15972.7722
 380925  1.54  11498.2730
 380960  1.55  11590.8257
 380990  1.12  7743.0369
 381349  0.55  3224.7400
 381354  1.74  13372.6609
 381380  0.67  4101.6768
 381455  1.55  11590.8257
 381748  2.20  17843.7479
 381760  1.45  10671.2609
 381854  0.50  2874.1041
 381856  1.08  7400.8828
 381871  0.88  5740.0346
 381974  0.88  5740.0346
 382208  1.25  8875.3144
 382429  1.74  13372.6609
 382834  1.26  8963.6247
 382842  2.00  15875.1912
 382847  1.99  15777.7034
 382907  1.36  9855.5660
 383148  1.27  9052.1002
 383243  1.85  14423.0017
 383311  1.24  8787.1707
 383412  1.22  8611.3895
 383425  1.73  13277.8273
 383485  1.06  7230.9772
 383510  1.75  13467.6059
 383536  0.49  2805.0962
 383568  1.69  12899.6216
 383576  2.15  17348.3609
 383609  1.52  11313.5574
 383631  1.34  9675.9268
 383684  2.46  20451.6645
 383702  0.40  2201.8744
 383755  1.87  14615.3393
 383781  1.07  7315.8307
 383790  1.48  10945.7161
 383823  1.77  13657.8263
 383830  1.69  12899.6216
 383844  2.16  17447.2707
 383857  0.88  5740.0346
 383870  0.95  6311.2953
 383885  2.13  17150.7964
 383886  0.83  5339.2263
 383912  1.99  15777.7034
 384004  1.83  14231.0758
 384020  3.72  33679.9889
 384073  0.83  5339.2263
 384080  0.98  6559.5467
 384109  2.33  19141.2425
 384154  1.37  9945.6125
 384160  0.40  2201.8744
 384183  2.51  20958.9252
 384231  1.97  15583.0095
 384249  0.55  3224.7400
 384302  1.71  13088.4970
 384309  2.95  25493.0447
 384362  0.80  5101.7998
 384366  2.20  17843.7479
 384386  1.55  11590.8257
 384406  1.56  11683.5071
 384431  1.34  9675.9268
 384432  1.52  11313.5574
 384441  1.64  12429.4685
 384456  2.02  16070.4456
 384477  2.09  16756.7019
 384514  1.84  14326.9870
 384519  1.34  9675.9268
 384533  2.07  16560.1805
 384535  2.63  22183.3462
 384547  1.21  8523.7552
 384560  1.61  12148.8081
 384571  1.98  15680.3093
 384581  2.88  24763.8256
 384591  1.21  8523.7552
 384675  2.22  18042.4825
 384786  0.53  3083.3845
 384849  2.56  21467.9208
 385065  1.51  11221.3967
 385784  1.37  9945.6125
 387502  0.73  4557.2464
 387844  1.13  7829.0522
 387970  1.20  8436.2939
 388124  1.21  8523.7552
 388504  1.52  11313.5574
 388768  1.17  8174.9651
 388820  2.14  17249.5360
 389459  0.61  3657.2329
 389556  0.81  5180.6803
 389614  0.95  6311.2953
 389637  1.17  8174.9651
 389646  0.43  2399.2754
 389778  1.69  12899.6216
 390560  2.17  17546.2648
 391274  0.78  4944.8386
 391383  1.14  7915.2545
 391496  0.75  4711.4426
 391578  1.14  7915.2545
 391696  2.14  17249.5360
 391742  1.51  11221.3967
 391833  0.63  3804.0952
 391889  1.09  7486.1314
 391928  1.41  10307.2810
 392071  1.00  6726.1413
 392138  2.46  20451.6645
 392204  2.79  23830.4491
 392256  1.96  15485.8047
 392309  0.74  4634.2023
 392350  1.26  8963.6247
 392400  0.82  5259.8235
 392479  1.16  8088.2127
 392488  2.17  17546.2648
 392550  1.21  8523.7552
 392609  1.42  10398.0624
 392646  0.76  4788.9643
 392661  1.34  9675.9268
 392663  1.39  10126.1528
 392669  0.53  3083.3845
 392708  1.53  11405.8498
 392715  0.70  4328.1198
 392819  0.90  5902.0769
 392856  0.99  6642.7361
 392932  2.38  19643.7716
 393004  2.49  20755.8102
 393067  1.89  14808.0828
 393069  1.68  12805.3566
 393134  0.90  5902.0769
 393154  2.83  24244.6904
 393215  1.13  7829.0522
 393235  1.79  13848.4822
 393268  2.30  18840.6389
 393277  0.96  6393.8239
 393310  1.85  14423.0017
 393356  1.10  7571.5746
 393402  1.46  10762.6079
 393465  1.69  12899.6216
 393492  1.43  10488.9870
 393535  1.27  9052.1002
 393539  0.88  5740.0346
 393543  0.75  4711.4426
 393552  0.75  4711.4426
 393570  1.43  10488.9870
 393582  1.91  15001.2269
 393590  1.13  7829.0522
 393669  2.06  16462.0531
 393683  2.00  15875.1912
 393744  0.76  4788.9643
 393752  1.11  7657.2104
 393802  1.40  10216.6441
 393946  1.49  11037.4749
 393948  2.15  17348.3609
 393961  2.09  16756.7019
 393994  2.58  21671.9950
 394047  1.52  11313.5574
 394141  1.25  8875.3144
 394185  2.92  25180.1798
 394255  1.42  10398.0624
 394262  1.15  8001.6420
 394281  0.61  3657.2329
 394284  3.00  26015.6076
 394319  0.41  2267.2532
 394392  0.41  2267.2532
 394434  1.80  13943.9715
 394459  0.82  5259.8235
 394475  0.88  5740.0346
 394492  1.42  10398.0624
 394499  2.33  19141.2425
 394630  1.39  10126.1528
 396756  0.90  5902.0769
 399003  0.68  4176.8537
 399004  0.38  2072.4076
 399890  0.83  5339.2263
 400129  1.29  9229.5404
 400241  1.22  8611.3895
 400340  1.47  10854.0934
 400461  2.35  19342.0278
 400502  1.22  8611.3895
 400571  1.20  8436.2939
 400607  1.83  14231.0758
 400613  0.82  5259.8235
 401047  1.28  9140.7393
 401908  0.51  2943.4912
 402407  1.36  9855.5660
 402412  1.02  6893.5896
 402639  1.54  11498.2730
 403811  1.10  7571.5746
 404038  1.06  7230.9772
 404799  1.52  11313.5574
 404893  0.99  6642.7361
 404952  1.08  7400.8828
 405080  1.59  11962.3129
 405088  1.45  10671.2609
 405111  2.08  16658.3969
 405116  1.79  13848.4822
 405224  1.89  14808.0828
 405251  1.34  9675.9268
 405468  1.70  12994.0020
 405495  1.89  14808.0828
 409980  0.59  3511.6979
 410174  1.29  9229.5404
 410263  0.52  3013.2529
 410288  0.91  5983.4557
 410358  1.64  12429.4685
 410442  1.08  7400.8828
 410494  1.68  12805.3566
 410498  1.68  12805.3566
 410614  0.81  5180.6803
 410634  0.84  5418.8858
 410661  1.58  11869.2517
 412291  1.04  7061.8739
 412339  0.75  4711.4426
 412613  0.50  2874.1041
 412634  1.07  7315.8307
 412698  1.10  7571.5746
 412752  1.12  7743.0369
 412768  0.73  4557.2464
 412790  0.58  3439.4382
 412829  1.58  11869.2517
 412877  0.61  3657.2329
 412885  0.40  2201.8744
 412978  0.34  1818.7862
 412984  0.53  3083.3845
 412989  2.17  17546.2648
 413024  1.06  7230.9772
 413046  1.39  10126.1528
 413052  1.83  14231.0758
 413055  2.10  16855.0949
 413070  1.33  9586.3369
 413071  3.23  28436.6701
 413075  3.09  26959.6671
 413197  2.18  17645.3426
 413227  0.51  2943.4912
 413231  0.85  5498.7992
 413252  1.01  6809.7598
 413277  1.32  9496.9019
 413310  1.94  15291.6824
 413360  1.34  9675.9268
 413392  0.75  4711.4426
 413419  1.22  8611.3895
 413420  1.18  8261.8972
 413468  1.33  9586.3369
 413474  0.79  5023.1849
 413487  1.82  14135.2691
 413498  1.26  8963.6247
 413526  0.66  4026.8088
 413530  2.60  21876.3369
 413536  1.36  9855.5660
 413603  2.19  17744.5038
 413658  2.58  21671.9950
 413713  1.87  14615.3393
 413721  2.53  21162.3177
 413729  0.74  4634.2023
 413767  1.23  8699.1952
 413805  2.41  19946.1847
 413878  1.77  13657.8263
 413888  0.52  3013.2529
 413900  1.57  11776.3161
 413943  1.58  11869.2517
 413949  0.99  6642.7361
 413960  1.25  8875.3144
 413965  2.26  18440.9245
 414025  1.84  14326.9870
 414062  0.75  4711.4426
 414068  1.60  12055.4987
 414085  1.35  9765.6703
 414104  1.75  13467.6059
 414188  1.35  9765.6703
 414194  1.45  10671.2609
 414231  1.88  14711.6606
 414276  1.38  10035.8085
 414312  0.62  3730.5001
 414315  1.21  8523.7552
 414392  1.81  14039.5674
 414409  0.74  4634.2023
 414429  1.74  13372.6609
 414442  0.86  5578.9636
 414562  0.50  2874.1041
 414568  0.52  3013.2529
 414615  0.94  6228.9917
 414652  0.91  5983.4557
 414739  0.72  4480.5785
 414757  0.76  4788.9643
 414759  0.54  3153.8817
 414780  1.26  8963.6247
 414877  1.94  15291.6824
 414918  1.89  14808.0828
 415110  2.85  24452.1683
 415115  2.44  20249.2562
 415119  0.64  3878.0142
 415149  1.18  8261.8972
 415159  0.73  4557.2464
 415169  0.86  5578.9636
 415181  0.66  4026.8088
 415231  0.36  1944.6970
 415242  0.88  5740.0346
 415268  2.31  18940.7630
 415283  1.03  6977.6283
 415286  0.51  2943.4912
 415313  0.38  2072.4076
 415360  1.48  10945.7161
 415373  1.83  14231.0758
 415379  1.58  11869.2517
 415386  1.24  8787.1707
 415418  1.76  13562.6612
 415425  1.79  13848.4822
 415430  1.60  12055.4987
 415436  0.62  3730.5001
 415442  0.72  4480.5785
 415502  2.29  18740.5926
 415513  1.22  8611.3895
 415584  0.60  3584.2974
 415585  2.44  20249.2562
 415636  0.66  4026.8088
 415669  1.66  12617.1765
 415674  0.70  4328.1198
 415706  0.88  5740.0346
 415717  1.16  8088.2127
 415734  0.92  6065.0694
 415745  0.86  5578.9636
 415761  0.63  3804.0952
 415798  2.09  16756.7019
 415799  1.97  15583.0095
 415824  2.05  16364.0153
 415832  0.92  6065.0694
 415838  3.31  29285.1057
 415841  2.00  15875.1912
 415847  0.85  5498.7992
 415877  0.63  3804.0952
 415886  0.69  4252.3359
 415985  1.30  9318.5022
 416003  0.79  5023.1849
 416059  0.31  1633.3918
 416085  2.02  16070.4456
 416095  1.55  11590.8257
 416127  0.82  5259.8235
 416147  0.99  6642.7361
 416207  1.35  9765.6703
 416217  2.40  19845.3067
 416222  2.00  15875.1912
 416229  1.12  7743.0369
 416250  1.46  10762.6079
 416317  2.21  17943.0742
 416339  1.08  7400.8828
 416372  0.73  4557.2464
 417723  0.80  5101.7998
 418153  1.68  12805.3566
 419673  1.55  11590.8257
 420309  1.71  13088.4970
 420839  2.62  22080.9440
 420936  0.92  6065.0694
 422023  1.19  8349.0074
 422686  1.07  7315.8307
 422820  0.94  6228.9917
