 4333 -25.2155917  8.9547980
 5849 -25.9842087  9.3646744
 5994 -26.5145923  9.2367938
 6082 -26.7819336  9.2700948
 6522 -26.7668922  9.1479674
 6959 -26.5378968  8.6888405
 7331 -26.0842087  9.2828091
 7863 -22.9740495  8.0018909
 8165 -24.0193701  8.3564587
 9120 -23.0293494  8.7938719
 14954 -25.0936451  9.1647478
 15503 -26.5616402  9.4567486
 15613 -45.3183588  14.2035975
 15698 -25.7341332  9.0483467
 15829 -26.5072103  9.0563841
 16468 -26.0989231  9.1434245
 18231 -26.4183588  9.4516712
 20866 -24.2435963  8.6978637
 21110 -25.6460912  9.7387122
 21416 -27.4511693  9.1333942
 21637 -25.1336078  9.0995979
 24605 -27.0520843  9.1499090
 24872 -27.0553299  9.8940755
 25010 -26.5443439  9.2559439
 25094 -24.4193701  8.5299725
 25649 -26.7677982  9.2223697
 25713 -26.2495850  9.0737433
 27283 -23.6252014  8.8496473
 27505 -26.2669333  9.4580989
 27530 -24.7709072  8.8215080
 27649 -24.2295574  8.8610972
 27712 -23.5193701  7.9733186
 27783 -25.7109832  8.8121429
 27844 -25.6974164  8.8993340
 28103 -26.1981103  8.8295098
 28165 -25.0852039  8.7877223
 28219 -24.1164661  8.5305713
 28384 -26.1336078  9.0619365
 28409 -26.2256041  9.3983301
 28457 -25.6669652  8.6041672
 28472 -26.4409297  9.1090877
 28519 -25.3409297  9.2689962
 28558 -23.1872935  8.6702972
 28561 -25.6435015  9.0680537
 28691 -25.8726057  9.3359977
 28715 -25.6613884  9.0089628
 28742 -26.3712859  9.1598368
 28773 -25.5460912  8.8146317
 42406 -24.4023107  8.0733854
 42704 -23.5913503  8.6321998
 42934 -24.6948227  8.4781304
 42974 -24.5948227  8.5144122
 43150 -25.3637450  9.3788865
 46879 -24.6947669  9.0626724
 46957 -25.1637450  9.0945486
 47005 -23.7872935  8.2961701
 47207 -27.0520360  9.3992917
 47702 -25.1792095  8.6927306
 47920 -23.4379735  8.4346327
 47954 -24.0675830  8.8454398
 47978 -26.1228351  9.1952237
 47999 -23.9050766  9.3209865
 48052 -25.4482769  8.5705510
 48143 -24.3529027  8.8976781
 48170 -23.4412166  8.1532951
 48199 -25.3234225  9.4662055
 48284 -26.1520843  9.1513667
 48309 -25.6019517  8.8519121
 48325 -24.1676271  8.5198292
 48378 -25.5147176  8.8749504
 48406 -23.8805573  8.9144620
 48461 -26.5800843  9.5383179
 48523 -24.7346424  8.8118895
 48527 -23.5728096  8.6911296
 48533 -23.9709376  8.1010691
 48552 -24.4453203  8.4643320
 48677 -27.1255245  9.2869820
 48687 -23.3699281  8.0398908
 48814 -24.2969573  8.5753154
 48849 -24.1938384  8.5514101
 48880 -22.8858345  8.1857537
 48902 -24.5594321  8.9684198
 48910 -25.1829859  8.4676638
 48929 -23.6676271  8.3571347
 49052 -24.3050766  9.0054646
 49131 -24.6989231  9.0574705
 49193 -23.5675830  8.5186166
 49197 -25.5637450  9.2566353
 49217 -23.6560640  8.4734812
 49233 -25.1204328  8.8239854
 49294 -25.3466983  8.7601881
 49295 -24.3435963  8.0564644
 49311 -25.1119276  9.0290542
 49321 -26.3842087  8.9456832
 49370 -24.4838308  8.4839465
 49383 -24.9913503  9.2855620
 49398 -25.7616402  9.3356918
 49448 -25.2598254  9.1194434
 49524 -25.5012595  8.7664269
 49530 -25.7119276  9.0424335
 49531 -24.6409297  8.5453305
 49548 -25.1853914  8.9000889
 49561 -26.4981103  9.4722380
 49570 -24.0676271  8.6512917
 49602 -24.0155917  9.3475026
 49618 -25.4853914  8.5809807
 49658 -24.1050766  8.8335809
 49662 -24.9016295  8.5563749
 49667 -26.5712859  9.7744918
 49689 -22.6261598  8.2113484
 49726 -23.8459404  8.3738651
 49737 -24.9225524  8.7238025
 49768 -23.3750462  8.2961365
 49777 -24.4845353  9.0677642
 49794 -26.1409297  9.4258210
 49795 -26.2359282  9.2100750
 49861 -25.0404704  9.0709631
 49871 -25.4183588  8.5105509
 49904 -23.3740495  8.1699411
 49910 -24.2936451  8.5182919
 49921 -23.6729350  8.1244893
 49934 -22.8048959  8.1732533
 49938 -26.4824882  9.1678156
 49940 -24.9214119  8.7349108
 49969 -25.0831106  9.1035408
 49984 -23.4073639  7.9668603
 50031 -25.9147176  8.9664106
 50090 -25.2709072  9.2511818
 50203 -26.2471590  9.4540197
 50209 -23.9251830  8.6132632
 50270 -26.5709072  9.5154278
 50372 -27.3207898  9.4520726
 50391 -24.2852039  8.5997282
 50411 -25.8789345  8.9055134
 50442 -24.1529027  8.0015084
 50456 -22.4295574  8.3289843
 50481 -25.5352809  8.7107348
 50590 -25.5183588  8.7679095
 50611 -24.9183343  9.2672637
 50613 -25.4453203  9.2547436
 50627 -23.8938384  8.7655110
 50647 -23.9226306  8.3333023
 50660 -26.7712859  9.3245306
 50666 -24.7845353  8.5846548
 50673 -22.6193463  8.2165767
 50688 -24.9785580  9.0803672
 50699 -24.1341332  8.6688932
 50718 -23.8048388  9.2969362
 50745 -25.4435015  8.5692090
 50760 -21.3386531  8.1180791
 50774 -22.8226306  7.9825629
 50776 -26.6916989  9.8042400
 50813 -23.8639816  8.5413541
 50815 -24.9378968  8.6711334
 50819 -24.2872935  8.5521618
 50891 -24.2831106  8.5417818
 50905 -24.1295574  8.9776634
 50929 -22.3872935  8.4642634
 50935 -23.0676271  8.3697477
 50944 -22.8189352  8.4960253
 50946 -22.3401753  7.6397192
 50957 -24.5969850  8.5060103
 50978 -25.9205209  8.9598938
 50992 -25.4929591  8.6326339
 51026 -26.0973222  9.0604554
 51074 -25.1782118  8.8165329
 51094 -25.4553299  8.8789510
 51102 -24.4155917  8.9313057
 51108 -24.7164661  8.3360847
 51111 -26.4228351  9.1041815
 51136 -24.3287839  9.0114959
 51153 -22.8433321  8.5821985
 51164 -23.5252014  8.5073994
 51176 -23.7144332  8.7814505
 51179 -25.4851542  8.9619030
 51187 -22.6527847  8.1614271
 51209 -23.5525302  8.2702964
 51213 -25.6264574  8.4261725
 51221 -25.2352809  9.0612481
 51229 -23.4254482  8.1268196
 51246 -24.5443439  8.5005565
 51254 -26.2395260  9.5983629
 51276 -26.2109832  9.4506815
 51278 -23.3321819  8.6199837
 51287 -24.6304734  8.5275114
 51297 -45.8466983  14.4041319
 51298 -24.2164661  8.4290974
 51299 -23.5639816  8.4681973
 51339 -24.5831106  8.9783870
 51379 -24.6460912  8.8043882
 51395 -25.1683511  9.6240869
 51410 -26.5264574  8.8735361
 51425 -43.7459404  13.9134513
 51430 -23.5593046  8.1858879
 51444 -24.3923949  9.2361938
 51457 -24.6016295  8.7380124
 51482 -25.5264574  8.8313600
 51490 -23.0587327  8.2202168
 51491 -25.6048959  8.8993450
 51499 -23.0676271  8.7081232
 51507 -25.0118060  9.1365768
 51524 -23.7838308  8.5597061
 51526 -24.7508762  8.9960156
 51542 -26.9614542  8.9470995
 51563 -25.7842087  8.8322657
 51564 -22.3965672  8.0033459
 51583 -25.4092642  8.6092666
 51602 -24.8668922  8.7288944
 51619 -26.1669333  9.0828268
 51651 -24.1509410  8.5270535
 51661 -22.7226306  8.4944832
 51664 -26.5212560  8.8451148
 51693 -22.3293494  7.9942743
 51715 -24.7341332  9.1146210
 51730 -26.6613884  9.5601162
 51735 -26.9997585  9.4270166
 51759 -23.4449069  8.7121952
 51782 -23.2482966  8.3645951
 51802 -24.5969573  8.6834333
 51827 -23.3155917  8.2056011
 51837 -23.0251830  7.6765106
 51840 -25.2508762  9.0653183
 51845 -24.2594321  8.3576321
 51851 -23.7845353  8.2920000
 51870 -25.1254482  9.3191678
 51881 -25.2119276  9.1950170
 51931 -25.0435963  9.0634177
 51943 -25.2938584  8.7095228
 51946 -23.3182734  8.4050261
 51947 -23.9838308  8.3653936
 51959 -23.6709072  8.4966788
 51978 -25.2373089  9.1470954
 51990 -24.4712859  8.7581242
 52001 -22.9750462  9.0978421
 52007 -22.4903043  7.7393157
 52046 -24.6639816  8.9781348
 52053 -26.4161511  8.9743889
 52070 -24.4596988  9.2528214
 52099 -26.2851542  9.1868434
 52114 -24.5019517  8.5524541
 52144 -24.2936451  8.5538780
 52165 -24.0669333  8.4833026
 52182 -26.0304734  9.4601558
 52212 -25.9800843  9.3846177
 52253 -23.6148071  8.5148761
 52277 -23.3948227  8.6450662
 52279 -25.6596988  8.5788271
 52294 -25.9612123  8.8809072
 52316 -24.6669652  8.6196266
 52342 -27.3341332  9.1466836
 52371 -25.5989231  8.9261530
 52392 -25.7997585  8.9839350
 52396 -26.9432564  9.2803631
 52423 -22.8858345  8.5365935
 52462 -25.8019517  8.6422393
 52500 -26.6612486  9.1688249
 52520 -23.9194617  8.9073602
 52529 -25.0023107  9.1351771
 52537 -23.7936451  8.5784489
 52562 -23.2247353  8.6556216
 52564 -25.4923949  8.9638365
 52598 -25.7119276  8.9828005
 52633 -23.9936451  8.3907414
 52637 -24.7341332  8.1690134
 52660 -24.4247353  8.8497044
 52667 -24.8435015  8.5192786
 52684 -25.1012595  8.6534218
 52705 -26.0348324  9.5470653
 52731 -25.9409297  9.3815731
 52737 -25.8435015  9.2706761
 52762 -24.9969573  8.6280627
 52797 -22.5852039  8.2098167
 52886 -24.9321819  8.6250857
 52891 -23.6845353  8.5003089
 52893 -24.9466983  9.0721511
 52895 -24.8023107  8.8457333
 52955 -24.1164253  9.3716958
 52963 -26.3916989  8.8356669
 52972 -26.8076752  9.5325751
 52984 -24.3929591  8.4159799
 52990 -26.4260083  9.7386008
 52997 -25.9409297  9.0950725
 53001 -24.9770566  8.6817941
 53015 -24.8989231  8.7174181
 53037 -22.2319432  7.9869096
 53067 -22.1864925  8.4844728
 53080 -22.5750462  8.5123594
 53097 -26.6304734  9.3147200
 53108 -22.1023107  8.3105615
 53122 -24.7853914  8.3314817
 53151 -25.7031654  8.8099946
 53169 -24.8677982  8.6741410
 53212 -25.3495850  8.5926044
 53226 -24.3789769  8.5974171
 53242 -26.0119276  9.0410788
 53245 -25.4076688  8.8660930
 53254 -23.7989231  8.7721912
 53269 -23.9404704  8.1172198
 53288 -23.4770566  8.3054635
 53307 -23.4593046  8.7902915
 53373 -25.8972428  9.3643958
 53413 -25.2829859  8.9726353
 53426 -23.8433321  8.8145714
 53429 -24.2225524  8.6247506
 53460 -23.5965672  8.4148307
 53491 -25.1148071  8.6968710
 53524 -25.2183343  8.3085554
 53559 -24.9989231  8.9995612
 53565 -25.3147176  8.6496919
 53581 -23.0750462  8.0972554
 53615 -23.3676271  8.8786464
 53651 -23.2936451  8.7041166
 53659 -23.1193701  8.5648433
 53703 -23.6063996  8.2465387
 54106 -25.9068134  9.0943298
 54122 -24.1969573  8.4237552
 54160 -22.7965672  8.2637826
 55119 -24.5838308  8.9785727
 55431 -24.2036659  8.6872957
 55432 -26.8260083  10.0218125
 61621 -25.7616402  8.6586108
 61811 -25.4613884  9.1843744
 62922 -26.9296392  9.1161137
 62974 -28.0683511  10.1443438
 62992 -24.6433321  8.7491304
 63013 -23.3412166  8.2364618
 63192 -24.4630596  8.5996521
 63351 -28.0031654  9.5481137
 64604 -24.9063996  9.1748423
 66223 -25.3063996  9.2120419
 67611 -24.1728096  8.6628748
 67999 -27.4837861  9.7032982
 73832 -25.9336078  8.6563172
 75263 -24.0412166  8.3532822
 77140 -23.6099924  8.3327201
 87700 -26.2712859  8.8499402
 92695 -23.5593046  8.3765420
 93029 -23.4838308  8.3601827
 93182 -24.5145923  8.6251592
 94812 -25.3495850  9.1722972
 94851 -27.3092642  9.0673677
 95782 -27.1307265  9.2961191
 95804 -26.2978827  9.5124549
 95949 -24.7509410  9.0707938
 97786 -23.3379735  8.1016302
 98311 -24.9225524  8.9411273
 102009 -26.8973222  9.2925635
 103847 -25.9050766  8.5754013
 104757 -25.1969850  8.7627413
 104903 -26.1321819  8.7490730
 105023 -25.6076688  9.4585210
 105313 -27.1624098  9.1777660
 105411 -24.6189352  9.1659927
 105459 -24.2194617  8.3090898
 105472 -27.0255499  9.2315940
 105669 -27.1161511  9.8083357
 105711 -24.2252014  8.4086190
 105835 -23.6938384  8.7331189
 105887 -24.1948227  8.5297895
 105991 -26.0668922  8.9520032
 106162 -23.3858345  8.3347457
 106382 -23.0829036  7.6922505
 107060 -25.3969573  9.0057828
 107063 -24.0194617  8.3953353
 107559 -26.7048959  9.3071884
 108383 -27.1606288  9.1410770
 111220 -25.8520843  8.6565362
 111358 -26.0677982  9.4030029
 113863 -23.6036659  8.8599579
 114859 -23.8838308  8.7415849
 115358 -23.2750462  7.9294102
 115903 -26.1594321  9.3348751
 116925 -24.3587327  8.5960545
 116955 -26.4352809  9.0746462
 118782 -25.2948227  8.9111861
 120718 -24.2805573  8.4350638
 121194 -25.8287839  9.2248212
 121519 -26.3321819  8.8310575
 122238 -26.0596988  9.2702336
 137760 -24.3593046  8.3333042
 138140 -24.1288943  8.5740617
 138169 -26.0019517  9.0731657
 138259 -25.1690112  8.6678139
 138273 -25.2147176  8.5747061
 138284 -24.1404704  8.4093704
 138299 -24.4352809  8.5201085
 138353 -24.0947669  8.4650030
 138470 -26.5612123  8.9937981
 138531 -25.4145923  9.0702258
 138566 -25.6916989  8.9684588
 138631 -27.3212560  8.9798908
 138700 -25.5247353  8.8517154
 138713 -26.5304734  8.8612037
 138753 -25.5453203  9.4429386
 138783 -24.8443439  8.5377354
 138990 -27.1715202  9.8080699
 139039 -24.9460912  8.5111464
 139269 -26.6916989  9.1406060
 139281 -24.5594321  9.1666356
 139296 -28.3097476  9.5303896
 139312 -25.8076688  9.2794059
 139318 -25.8529027  8.9776345
 139344 -24.4677982  8.5150861
 139358 -42.9182734  13.5948106
 139510 -25.8247353  8.4825025
 139594 -25.9495850  9.1519874
 139607 -25.8520843  8.8958836
 139611 -25.6683511  9.0311798
 139686 -25.7482769  8.7491193
 139692 -24.6594321  8.3201628
 139848 -22.2969573  8.4364604
 139873 -23.5938584  8.8574739
 139886 -23.6304154  8.6757366
 139904 -25.0770566  8.4376644
 139913 -25.2247353  9.0920703
 140045 -23.4252014  8.3446327
 140142 -22.7629441  8.0743325
 140281 -25.1147653  8.8631061
 140361 -25.6520843  8.8111948
 140524 -24.3872935  8.8490725
 140547 -25.5443439  8.6100246
 140553 -25.5346424  9.1330779
 140622 -25.5251830  8.6581074
 140713 -23.1627727  8.3152108
 140796 -23.7435963  8.4678578
 140924 -26.5973222  9.0600825
 140934 -24.5459404  8.3884660
 140945 -24.5435963  8.5197453
 140950 -24.4709072  8.5298251
 140951 -26.9896933  9.2507364
 141001 -25.8683511  8.8020194
 141011 -24.4675830  8.8217552
 141119 -22.8941386  8.2163978
 141141 -25.8228351  8.5519114
 141181 -24.1948227  8.4906852
 141183 -21.9310317  7.5663272
 141245 -25.3726057  9.3997730
 141257 -22.6019517  7.9185987
 141353 -24.9978827  9.2613131
 141503 -22.4164253  7.8077127
 141507 -25.6923949  8.8682548
 141550 -26.6471590  9.6906254
 141593 -24.6630596  8.5288714
 141653 -25.7695872  9.2695643
 141672 -27.0532294  9.3018411
 141708 -24.7923949  8.6037749
 141715 -26.8336078  9.2632273
 141722 -24.0593046  7.9736693
 141726 -24.2346424  8.6982777
 141744 -23.5164253  8.2579398
 141757 -24.9845353  8.8490950
 141785 -24.4838308  8.3982087
 141851 -24.7118060  8.3349343
 141858 -26.6868982  9.5616907
 141878 -26.5395260  9.6035504
 142067 -23.1379735  8.5477788
 142166 -24.5613884  8.2922210
 142177 -25.3485743  9.1242397
 142190 -24.7164661  8.6924004
 142271 -25.7529027  8.8887721
 142278 -25.1892190  8.8829871
 142283 -25.0853914  8.6557835
 142297 -23.6435963  8.6552153
 142330 -27.3031654  9.1034729
 142372 -23.9310317  8.7141811
 142373 -24.2319432  8.2978225
 142546 -24.4050766  8.6480586
 142571 -25.8147176  9.0229812
 142621 -25.0435015  8.6333441
 142706 -23.8155917  8.1850795
 142707 -28.0166164  9.4706493
 142708 -24.2072103  8.4579054
 142806 -24.2864925  8.5170406
 142853 -23.6864925  8.1980976
 142895 -24.5726057  8.8493104
 142916 -26.1256041  9.0851045
 142925 -24.1653481  8.0784996
 142933 -26.1359282  9.0176354
 142976 -24.0194617  8.1542809
 143019 -23.7379735  8.9912391
 143339 -25.4637450  8.7087554
 143690 -26.4146060  9.6176757
 143892 -22.4936451  7.8291855
 143909 -25.6378968  8.8534018
 144531 -26.5147653  9.6573964
 144747 -25.7880198  8.8378279
 149320 -24.5639816  8.9579941
 149388 -28.3813185  9.6605560
 149582 -26.3677982  9.0342191
 149637 -24.4379735  8.6180856
 149704 -24.0435963  7.9691418
 150544 -24.4612123  8.7582196
 152677 -26.6257839  9.1072059
 152706 -24.8948227  8.8252065
 153199 -24.7214119  8.4641425
 153577 -25.7031654  8.6145354
 153651 -26.5684644  9.5313337
 155491 -26.4147176  9.5719390
 155962 -26.1709072  9.3358667
 156920 -26.8118060  8.9269477
 157016 -26.7466983  9.4874283
 157121 -26.4257839  9.1527595
 157172 -24.0598254  8.4275921
 157204 -23.2288943  8.3595295
 157209 -22.5527847  7.9612350
 157307 -25.7973222  9.2166201
 157342 -24.4449069  8.3015708
 157409 -24.9637450  8.9839475
 157646 -25.2831106  8.5906682
 157753 -26.6183343  9.2410520
 157916 -25.7304154  9.0003857
 157938 -24.3770566  8.4503129
 158463 -26.4264574  8.9121497
 158797 -28.1789345  9.5150916
 158808 -26.7495850  9.1513034
 159183 -26.5837861  9.1405661
 159205 -25.3012595  8.6450528
 159232 -26.2092642  9.2787271
 160790 -25.4594321  8.9060191
 162038 -26.3076688  8.6903898
 162234 -27.1800843  9.3010915
 163504 -23.5864925  8.0323875
 163870 -27.9837861  10.0523700
 164246 -24.5482966  8.4559951
 164361 -27.0525302  9.7781391
 164500 -23.9858345  8.2441242
 164750 -26.5880198  9.1123492
 165235 -28.6255245  10.1871670
 166260 -26.7460912  9.1009505
 166294 -25.5729350  9.2187425
 167788 -25.1319432  8.7829044
 167808 -23.8036659  8.3336266
 168628 -24.0913503  8.5247403
 168720 -26.0978827  8.5612291
 168742 -24.8164661  8.8522065
 169275 -23.7226306  8.3142611
 169453 -26.9307265  9.3673220
 169745 -24.0941386  8.2900608
 170121 -26.6606288  8.8845766
 170181 -26.1482769  9.4236312
 170723 -26.9076688  9.6967933
 170736 -26.5709072  9.4398041
 170748 -26.1688025  8.7455896
 170951 -26.1594321  9.3348751
 171256 -26.4726057  9.1653697
 171260 -25.6247353  8.8538603
 171307 -25.5593046  8.9818096
 171344 -25.8508762  8.8657120
 171511 -27.6256041  9.6931925
 171757 -28.0147176  9.3031033
 171772 -25.9553299  9.2429703
 171806 -24.2293494  8.2970999
 171859 -24.8380265  8.7640579
 172364 -27.4532742  9.4621642
 172396 -25.1610497  8.6656273
 172424 -26.9336078  9.0533802
 172697 -26.0380265  8.9289164
 172721 -26.5344349  9.0926242
 172804 -25.7594321  8.9168221
 172835 -26.8072103  9.0618885
 172927 -23.0194617  8.4418058
 173016 -26.3205209  9.1375034
 173060 -25.7852039  8.5411632
 173154 -26.9260083  9.2321177
 173181 -22.8560640  7.8267507
 173244 -25.8395260  9.5164677
 173251 -26.7471590  9.0631129
 173269 -24.2252014  9.0669529
 173461 -23.8486672  8.2059816
 173466 -25.2471590  8.7469098
 173495 -24.2783824  9.0960961
 173517 -25.5019517  8.7592629
 173537 -24.5148071  8.9452857
 173645 -23.7936451  8.4214320
 173656 -26.4495850  9.0565656
 173759 -25.5254482  8.9109413
 173793 -26.5482769  8.6910420
 173827 -26.0668922  9.1830225
 173888 -25.8076688  8.8837523
 173898 -26.5205209  9.2580935
 173942 -25.7147176  8.7398059
 173947 -26.7831106  8.9191211
 174021 -28.0683511  9.9157849
 174027 -23.0194617  8.7119911
 174032 -26.4147653  9.3992316
 174074 -24.2319432  8.1993015
 174110 -26.0264574  9.3003324
 174146 -25.8264574  8.9913469
 174154 -24.6023107  8.5753605
 174158 -25.9668922  9.0906461
 174172 -27.4204328  9.2961512
 174267 -25.3304154  9.0949130
 174313 -25.5307265  8.6062042
 174394 -22.6676271  8.3841533
 174450 -23.7412166  8.1611105
 174455 -26.1409297  9.1131420
 174501 -26.8594321  9.3029965
 174511 -27.2145923  9.2296085
 174696 -25.4792095  8.6483614
 174700 -25.1792095  8.6937746
 174702 -26.2251830  9.0082799
 174753 -27.1435015  9.2924826
 174798 -23.7864925  8.2257769
 174930 -26.4804228  9.3498721
 174947 -25.6726057  8.9633260
 175038 -23.3295574  7.8397808
 175051 -24.5838308  8.5962889
 175400 -24.6148071  8.3218879
 175437 -25.6073639  9.4584448
 175443 -26.6508762  9.0365287
 175487 -25.4404704  9.3726416
 175566 -24.8443439  8.4828531
 175594 -24.9379735  8.6626441
 175609 -26.5378968  9.6632021
 175794 -23.8619639  8.3088603
 176058 -25.4639816  9.1905852
 176102 -26.1784961  9.0655768
 176168 -25.2225524  8.7213060
 176176 -26.8109832  9.2571345
 176179 -27.4264574  8.9441515
 176245 -23.6709376  8.5491424
 176349 -25.3947669  8.7709755
 176454 -26.4260083  9.2329269
 176568 -25.5553299  8.6955724
 176652 -27.4577685  9.1094004
 176683 -27.0837861  9.6634211
 176813 -24.5412166  9.0974200
 176919 -24.6619639  8.9437777
 176945 -25.6668922  8.6040266
 178658 -26.4669333  9.4147542
 178941 -23.9913503  8.4971098
 182986 -26.0923949  8.9812469
 183089 -25.7973222  9.0453665
 183484 -24.4872935  8.4917596
 184206 -26.1321819  9.3039069
 184678 -25.7938584  8.6800275
 184921 -24.5449069  8.8745382
 185683 -25.4234225  8.6297578
 185887 -24.5225524  8.6795336
 186300 -25.4508762  8.9254607
 186677 -24.3433321  8.4410509
 187111 -24.8341332  8.4687215
 187373 -23.2938384  8.1775648
 189383 -24.6404704  8.5760712
 189430 -23.5226306  8.3097152
 189552 -26.0404704  9.4038041
 191749 -24.5948227  8.5052678
 191755 -24.4449069  8.7628405
 191947 -25.7321819  8.7879212
 203322 -24.5509410  8.6127068
 203476 -24.5852039  8.3119802
 226023 -24.1630596  8.8687634
 226236 -27.2359282  9.4846137
 226326 -26.5204328  9.2131457
 226358 -24.0653481  8.0701642
 226839 -26.1363405  8.6253729
 227050 -23.0063996  7.8960495
 227142 -25.0459404  9.0270785
 227336 -24.4525302  8.3982282
 227408 -26.6969850  9.2532007
 227573 -22.4288943  7.8637715
 227700 -25.2118060  8.8883724
 227847 -25.2619639  8.7040002
 227875 -24.2740495  8.8125683
 227889 -23.4226306  7.8810635
 228205 -25.1782118  8.8635087
 229005 -26.5813185  9.5364071
 229046 -26.9714776  9.1043435
 229153 -25.9380265  8.8137295
 229161 -23.7598254  7.8992553
 229184 -24.7063996  8.9444342
 229347 -25.0295574  8.5526255
 229352 -26.6989231  9.1762096
 229882 -25.7784961  9.2918084
 230059 -26.1972428  8.7166039
 230372 -27.1118060  9.2839461
 230390 -25.8936451  8.9424496
 230434 -25.3050766  8.7084888
 230507 -25.7019517  8.9243228
 230527 -24.5938384  8.4864064
 230534 -24.6063996  9.0835386
 230730 -25.9471590  8.9148506
 230819 -22.7938384  8.9831350
 230938 -23.2293494  8.2544485
 230959 -24.1061521  8.9876942
 231092 -27.4608159  9.2654190
 231141 -24.8593046  8.5037827
 231351 -26.6597734  9.2175899
 231435 -23.8226306  8.2357796
 231444 -23.1740495  8.4823656
 231473 -24.7639816  8.7190629
 231561 -24.0675830  8.0505759
 231571 -26.1380560  9.0182130
 232215 -23.5048388  8.0093996
 233307 -24.5412166  9.1919889
 233570 -25.4048959  8.6925068
 233668 -25.7997585  9.4630169
 234032 -29.4336078  9.7590070
 234159 -24.5252014  8.5501469
 234214 -27.3683511  9.8716343
 234312 -26.2495850  8.9645912
 234426 -25.7669333  9.2688784
 234680 -23.6252014  8.3759356
 234688 -27.2726057  9.2814378
 234907 -23.0941386  8.2561923
 235025 -25.4073639  8.3622075
 235032 -23.6677982  8.5483119
 235348 -23.6435963  8.2926743
 235995 -25.0653481  8.8706136
 236126 -23.4193701  8.1027982
 236150 -25.2613884  8.4899375
 236261 -25.8012595  9.3346837
 236283 -24.2969573  9.0355542
 236370 -25.3495850  9.1224515
 236479 -25.1164661  8.4487798
 236486 -26.3606288  9.3871396
 236554 -25.4824882  8.8987080
 236750 -26.0938584  8.9816455
 236825 -27.8726057  9.5995212
 236850 -23.8189352  8.3084673
 236851 -25.7119276  9.1943606
 236885 -25.9471590  8.7230369
 236895 -24.8637450  8.9578254
 237027 -24.0729350  8.2535242
 237153 -25.9378968  9.0587438
 237194 -25.5842087  8.9611978
 237231 -23.8858345  8.3154046
 237266 -25.0892190  8.5397574
 237283 -24.6449069  8.5474839
 237295 -25.0404704  8.6851657
 237387 -25.5688025  8.8650819
 237460 -24.2938384  8.9566180
 237474 -24.7575934  8.5499989
 237515 -21.7728096  8.0567475
 237573 -26.4019517  8.9727230
 237578 -24.8193701  8.6853355
 237613 -27.6212560  9.1668868
 237678 -27.0234225  9.6065401
 237694 -28.3322368  9.7749869
 237740 -23.5676271  8.4218180
 237744 -24.9145923  8.3121262
 237794 -25.7695872  8.5203990
 237844 -23.8709376  8.1386574
 237866 -26.2039052  9.3286571
 237893 -25.9726057  8.8196134
 238100 -26.5624098  9.2170981
 238240 -23.2630596  8.0942831
 238352 -22.4641814  8.1546206
 238400 -26.1653481  8.9517534
 238407 -26.3613884  9.3571807
 238436 -23.4938384  7.9013662
 238539 -25.6379735  8.9865530
 238650 -23.7144332  8.8017617
 238946 -25.1435015  8.5981598
 239042 -26.3147176  8.9181012
 239271 -25.1613884  8.3026385
 239554 -26.6076688  9.4392054
 239810 -26.0789345  8.8437376
 239859 -24.2610497  8.5149398
 239921 -25.7050766  9.2728886
 239979 -25.3782118  8.4844550
 240181 -27.3255245  9.3419525
 240244 -26.2011436  9.0260338
 240373 -26.8207898  9.1245787
 241496 -24.1164253  8.4953387
 241770 -23.0699281  8.0666126
 242120 -26.8109832  9.6442965
 242435 -25.0448515  8.6681654
 242564 -26.8234225  9.9595514
 242961 -26.8109832  9.2236115
 242984 -23.5144332  8.8378337
 244535 -25.3193701  8.6746001
 245189 -27.5471590  9.2495871
 246337 -26.4048959  9.1489632
 246495 -25.8379735  9.3519593
 246859 -23.9486672  8.3276974
 248013 -26.1612123  9.2163686
 252332 -26.6594550  9.0437729
 252393 -23.8629441  8.4265558
 252645 -25.7709072  8.6458564
 252722 -27.0624098  9.6165961
 252871 -23.1182734  8.3939935
 252909 -25.0831106  8.8279551
 253023 -25.1031654  8.3658534
 253049 -23.5629441  7.8888025
 253062 -24.0288943  8.1829834
 253221 -27.0508762  9.5492410
 253260 -25.8346424  8.7813682
 253337 -26.8260083  9.2878138
 253529 -25.3892190  8.6818216
 253546 -23.7288943  8.4923616
 253583 -26.7039052  9.0994527
 253613 -26.0076688  9.2648909
 253752 -23.1740495  7.8101884
 253863 -25.4321819  8.9314778
 253872 -25.0183588  9.1358954
 253898 -26.3677982  8.9371790
 254259 -26.8567465  9.0682839
 254568 -25.9183588  8.5205019
 254644 -24.4144332  8.8684552
 254670 -25.4936451  8.6813700
 254860 -25.4251830  8.8307093
 254976 -24.0433321  8.8446660
 255024 -25.4593046  8.5074402
 255052 -27.0257839  9.2605984
 255236 -26.5770566  9.1282144
 255338 -26.4824882  9.0317090
 255458 -26.4205209  9.1187407
 255616 -25.6916989  8.7888356
 255630 -24.1629441  8.9707413
 255664 -27.2577685  9.2731629
 255765 -26.4653481  9.8727857
 255976 -28.5938096  9.7060309
 256008 -24.7974164  9.1627658
 256572 -25.5851542  8.7479292
 256751 -24.2144332  8.3248490
 257259 -23.2858345  8.3091440
 257376 -24.9319432  9.1199905
 257403 -25.9594321  8.8802770
 257480 -25.4709072  9.0339577
 258307 -24.9164661  8.5628502
 258847 -22.6750462  8.1051468
 260272 -23.9380265  8.1297448
 261883 -25.7805573  9.2859665
 269538 -24.0676271  8.6454435
 270381 -24.0941386  8.5629187
 273293 -25.2287839  8.4016440
 273369 -25.7669652  8.5196485
 273523 -25.1923949  8.5094866
 273926 -26.3395260  9.3639780
 273930 -25.7119276  8.7473500
 274446 -25.4433321  8.9168824
 274664 -22.3938384  7.8540842
 275255 -25.0148071  8.8357639
 275375 -25.9695872  8.8980659
 276786 -24.8076688  8.9517961
 277136 -27.0712859  8.9213632
 277633 -25.7594321  9.0190585
 286634 -27.4912847  9.7695879
 287218 -26.4782118  8.9677536
 288274 -23.2938384  8.0810907
 288288 -27.1692216  8.8805121
 288304 -25.9460912  9.2670417
 288590 -25.2553299  8.6152580
 288749 -26.6837861  9.1721037
 288771 -25.3520843  9.1819244
 288972 -26.2819336  8.7406089
 289233 -26.0395260  8.9929134
 289454 -27.0212560  9.2489567
 289504 -24.9947669  8.6233033
 289615 -25.9677982  8.9962509
 289701 -24.6938384  8.5139535
 289703 -25.4854144  9.3071248
 289752 -24.4254482  8.4988245
 289758 -23.9252014  9.2572778
 291587 -24.5709376  8.6174721
 292667 -25.6669652  9.3829903
 293859 -25.4613884  8.7137826
 294026 -26.3212560  8.9094333
 294073 -25.6304154  8.9404314
 294099 -22.7448515  8.5600345
 294183 -22.7033671  7.9854758
 294661 -25.9495850  9.1604468
 295691 -24.5675830  8.4665869
 297182 -26.8806475  9.2430544
 301706 -27.0690112  9.0113830
 301740 -25.7936451  9.2893422
 302120 -27.0234225  9.4283285
 302459 -25.8669652  9.0380217
 302482 -26.7118060  8.8241785
 302504 -26.1594550  8.6319889
 302633 -22.7252014  7.8171392
 302658 -24.6637450  8.9275401
 302741 -24.0379735  8.2833076
 302742 -22.9872935  8.2579992
 303377 -27.2938584  9.2081458
 303476 -22.4641814  8.1546206
 303648 -24.8155917  8.5815826
 303675 -26.3118060  9.3442440
 303997 -26.7257839  8.8228541
 304619 -23.8204328  8.5001312
 304843 -20.5500845  7.9908906
 304909 -23.8459404  8.2388531
 305239 -27.2916989  9.1887984
 305292 -21.7401753  7.3179807
 305445 -27.1378968  9.5771878
 305926 -24.1404704  8.3059802
 305935 -25.3341332  8.8060122
 306232 -26.7147653  9.5330800
 306292 -24.2466983  8.1637351
 306394 -23.7610497  8.3745012
 307250 -26.4981103  9.1067553
 307316 -28.3923949  9.5560119
 307423 -27.3402102  9.3675743
 307471 -26.8709072  9.1136737
 307591 -26.0304154  9.4457512
 307613 -26.4789345  9.0602346
 307656 -24.1699281  9.3165780
 307790 -24.6214119  8.6311301
 307848 -24.6346424  9.1215412
 308054 -26.4108662  8.9757408
 308089 -24.9194617  8.5204746
 308123 -26.1119276  9.0700804
 308142 -25.9076688  9.3698033
 308263 -27.2969850  9.2478507
 308304 -25.4792095  9.0361516
 308893 -26.3669333  8.9630608
 309860 -25.8147176  8.9546462
 309913 -25.0789345  8.4510073
 310001 -26.5228351  9.4774230
 310465 -25.8234225  9.1104913
 310525 -26.0247353  9.0803028
 310860 -26.5247353  8.7708794
 310980 -26.7978827  8.8147229
 311120 -25.7639816  8.6698861
 311242 -24.7076688  8.9389795
 311294 -25.0948227  8.5762803
 311385 -24.6831106  8.7129372
 311873 -24.8668922  8.5374829
 311957 -25.8677982  9.0635547
 311971 -24.7048959  8.5512242
 312134 -25.9782118  9.2572052
 312199 -27.0695292  8.9208623
 312255 -25.3453203  8.9082313
 313482 -25.0842087  9.1527696
 313521 -23.4023107  8.1160079
 313622 -23.9948227  8.2753160
 313931 -23.8941386  7.9379119
 314076 -23.6947669  8.6811750
 314081 -23.6938384  8.1820782
 314414 -25.0509410  8.7291967
 314619 -26.1852039  9.3966149
 314664 -25.8251830  8.6111460
 314668 -25.3341332  8.8014594
 314812 -25.2443439  8.7659566
 314933 -23.0352809  8.0853900
 315009 -27.3119276  9.3599221
 315098 -25.4412166  8.7198348
 315167 -26.2596988  9.5040718
 315188 -26.6212560  9.0991444
 315271 -24.6225524  9.4262543
 315282 -25.2435963  8.7994885
 315644 -26.8304734  9.6776638
 316067 -24.2144332  8.3697511
 316173 -25.5498652  8.6953939
 316394 -23.5395260  8.3774514
 316457 -27.2829859  9.7219225
 319489 -22.7938384  8.0103382
 321648 -24.4864925  8.7738294
 337817 -23.2587327  8.1054510
 356473 -24.4858345  8.5950910
 357662 -26.5023107  8.8518086
 357818 -24.0587327  8.8418543
 358009 -22.9449069  8.3480749
 359032 -23.6699281  8.4492338
 359316 -26.4594321  8.7522735
 359335 -22.8193463  7.6759661
 359370 -23.6036659  8.0636552
 359777 -26.9011436  9.5102448
 359951 -27.6729366  9.2909678
 359957 -23.1699281  8.3069947
 359995 -23.0630596  8.0390155
 361133 -24.5048959  8.6995924
 361163 -23.4598254  8.2097635
 361446 -23.0728096  8.4991501
 362744 -25.1831106  8.3830092
 363423 -27.0073639  9.3530380
 363684 -25.6348865  9.2938819
 363946 -24.5194617  8.4253574
 369311 -28.2798554  9.4625920
 369319 -26.1782118  8.5952900
 369486 -24.7610497  8.9586559
 369666 -26.9404704  9.0827398
 369829 -22.1367270  7.9387202
 370953 -26.7596988  9.5446591
 371096 -25.6606288  8.5645042
 371185 -25.7228351  8.9069588
 372247 -25.3341332  8.7903631
 372416 -24.4675830  8.4785821
 372615 -23.4435963  8.3132963
 372763 -22.4412166  7.8934206
 372769 -23.1639816  8.7166452
 376917 -25.1965672  8.7096435
 377045 -24.6033671  9.4216055
 377296 -24.9913503  8.7312326
 377360 -26.1829859  9.5136792
 378363 -24.3449069  8.4057485
 378454 -26.4805573  8.9536349
 378455 -26.4800843  9.1692080
 379653 -25.3619639  8.6216887
 380187 -25.6119276  8.8927901
 380188 -26.0072103  8.6648901
 380205 -25.7508762  9.3296211
 380213 -25.7688025  8.6902408
 380221 -26.1709072  9.4616167
 380233 -26.2012595  9.2048412
 380236 -24.4194617  8.6393739
 380243 -26.9770566  9.3340026
 380279 -25.3805573  8.9385171
 380301 -27.1119276  9.2274396
 380323 -26.3567465  9.1878570
 380330 -24.6063996  9.2681601
 380351 -27.6234225  9.4966832
 380352 -25.5482966  8.5050733
 380360 -26.8594321  9.1464464
 380385 -24.9379735  9.0416500
 380387 -23.6627727  8.0182121
 380391 -26.5669652  9.0158609
 380392 -26.5264574  9.6296230
 380408 -24.4560640  9.3674023
 380459 -28.3606288  9.7319768
 380486 -25.9688025  9.0937847
 380498 -24.4864925  8.2421293
 380504 -25.3969850  8.2587821
 380505 -25.1321819  8.7145381
 380536 -24.9613884  9.0579387
 380556 -25.4155917  9.1453072
 380572 -26.4092642  9.1764690
 380575 -26.0193701  9.2198344
 380591 -22.7099924  8.9864272
 380597 -27.5923949  9.5183309
 380603 -25.8404704  9.0416103
 380638 -27.0989231  9.4382902
 380916 -26.7916989  9.2280614
 380925 -26.2616402  8.7663888
 380960 -26.7770566  9.2129135
 380990 -26.6247353  9.2581315
 381349 -24.6482966  9.1033997
 381354 -26.4532742  9.1600676
 381380 -24.0560640  8.3511936
 381455 -26.4770566  8.6706030
 381748 -28.3997585  9.5306064
 381760 -26.7183588  9.5773623
 381854 -23.9486672  8.3276974
 381856 -25.9453203  9.1593199
 381871 -24.5148071  8.4520250
 381974 -25.3148071  8.8193857
 382208 -26.4709072  8.8429659
 382429 -26.8532742  9.5626536
 382834 -26.0892190  9.1808913
 382842 -26.2800843  9.1487342
 382847 -28.1684644  9.2392017
 382907 -25.7668922  8.5196276
 383148 -24.6073639  8.3453144
 383243 -26.4981103  9.4052795
 383311 -25.3525302  8.6477202
 383412 -26.0155917  9.0704028
 383425 -25.7395260  8.7786247
 383485 -24.9048959  8.8064122
 383510 -26.4669333  9.0344632
 383536 -24.0061521  8.7426706
 383568 -27.2837861  8.9819509
 383576 -24.1471590  8.5875718
 383609 -26.8304154  9.6002388
 383631 -26.4321819  8.9550075
 383684 -26.7532294  9.0396019
 383702 -25.1740495  8.3062825
 383755 -27.4234225  9.6514907
 383781 -24.1251830  8.3017393
 383790 -25.3669652  8.8149178
 383823 -26.5938584  9.5019229
 383830 -24.4837861  8.2309360
 383844 -26.0577685  8.9978647
 383857 -22.5148071  8.0240142
 383870 -23.2729350  8.1506302
 383885 -25.7256041  8.9307223
 383886 -23.8948227  8.2938475
 383912 -26.4684644  9.5571734
 384004 -24.7726057  8.5937352
 384020 -26.0909034  9.7820533
 384073 -23.7948227  8.4074613
 384080 -24.2379735  9.0210797
 384109 -25.6304734  8.7604327
 384154 -24.7842087  8.4829457
 384160 -22.5740495  8.1174932
 384183 -27.0987105  9.1049561
 384231 -25.4449963  8.8475806
 384249 -23.3482966  7.9114527
 384302 -24.4118060  8.9867802
 384309 -26.6632052  8.9405990
 384362 -24.1194617  8.9382761
 384366 -25.1997585  8.9393631
 384386 -24.9770566  8.7890161
 384406 -24.0923949  8.5607673
 384431 -25.6321819  9.0056665
 384432 -24.8304154  8.6031675
 384441 -25.2119276  8.8818614
 384456 -27.5031654  9.9859634
 384477 -24.5819336  8.6801286
 384514 -25.7854144  8.5725234
 384519 -26.8321819  9.1389776
 384533 -26.0597734  9.3320866
 384535 -26.3040874  8.7650588
 384547 -24.3969573  8.4169174
 384560 -25.2677982  9.3122423
 384571 -26.6567465  9.9020948
 384581 -24.8088217  8.7838639
 384591 -25.1969573  8.8877578
 384675 -26.2205209  8.7329879
 384786 -24.5709376  8.0176628
 384849 -28.5432564  9.6443233
 385065 -25.7147176  9.2526999
 385784 -25.6842087  9.2150495
 387502 -24.0319432  8.5387446
 387844 -25.4443439  9.0687672
 387970 -25.5782118  9.6791751
 388124 -26.2969573  9.1720873
 388504 -24.7304154  8.7445660
 388768 -24.5214119  8.7545899
 388820 -26.7363405  9.2131025
 389459 -24.0630596  8.1458353
 389556 -25.6449069  8.9064962
 389614 -23.7729350  8.4957334
 389637 -24.1214119  8.9695540
 389646 -22.8293494  8.1840470
 389778 -26.4837861  9.0188669
 390560 -27.3683511  8.9274893
 391274 -24.9676271  8.5845565
 391383 -24.2637450  8.3160982
 391496 -23.6872935  8.3715468
 391578 -24.1637450  8.1425205
 391696 -26.2363405  9.4539141
 391742 -26.3147176  8.8430515
 391833 -24.2295574  8.9663624
 391889 -25.7653481  9.0892897
 391928 -26.1520843  9.1043592
 392071 -24.9805573  8.7988398
 392138 -24.9532294  8.8244787
 392204 -26.5371191  9.0701593
 392256 -26.8331467  9.3151927
 392309 -24.2598254  9.1822809
 392350 -25.7892190  9.0042509
 392400 -24.0699281  8.0845388
 392479 -24.2023107  8.4181765
 392488 -26.9683511  9.5673195
 392550 -25.3969573  8.5085626
 392609 -25.8688025  8.8231611
 392646 -23.3144332  8.8196860
 392661 -45.1321819  14.3910097
 392663 -23.3183343  8.3859960
 392669 -24.5709376  8.7206557
 392708 -26.3460912  8.7685336
 392715 -23.6459404  7.7476605
 392819 -24.9610497  8.6678911
 392856 -23.6593046  8.7213058
 392932 -27.6784961  9.7328354
 393004 -26.6806475  9.2492685
 393067 -26.4482769  9.3325141
 393069 -25.4695872  9.6529395
 393134 -23.8610497  8.5210196
 393154 -25.9692216  9.0760634
 393215 -24.9443439  8.8667751
 393235 -25.1204328  8.7764525
 393268 -25.4011436  8.5235120
 393277 -23.9947669  8.4598842
 393310 -25.1981103  8.8767386
 393356 -23.7852039  8.8841464
 393402 -25.2346424  8.8318572
 393465 -25.4837861  8.7438464
 393492 -25.6853914  8.4424316
 393535 -24.4073639  8.4301228
 393539 -24.0148071  8.2468287
 393543 -24.8872935  8.6965395
 393552 -26.9872935  8.9426093
 393570 -25.7853914  9.3384580
 393582 -26.4729366  8.8873396
 393590 -24.4443439  9.0211562
 393669 -26.8485743  9.3764316
 393683 -26.4800843  9.1923848
 393744 -24.3144332  8.6202848
 393752 -24.8050766  8.7849421
 393802 -26.9352809  9.1791052
 393946 -24.9829859  8.8206682
 393948 -25.9471590  9.6003932
 393961 -25.8819336  9.0291422
 393994 -24.9608159  8.3379594
 394047 -25.1304154  8.6725535
 394141 -24.4709072  8.9207255
 394185 -25.8400072  8.6338375
 394255 -25.8688025  8.8231611
 394262 -24.5831106  9.1395929
 394281 -23.1630596  9.0532453
 394284 -25.1014352  8.8619736
 394319 -22.6272201  8.2018236
 394392 -23.7272201  8.0271989
 394434 -26.3336078  8.5321779
 394459 -24.2699281  8.4795063
 394475 -24.9148071  9.0458959
 394492 -25.2688025  9.1071957
 394499 -24.8304734  8.7529530
 394630 -25.1183343  8.9831201
 396756 -24.8610497  9.5059622
 399003 -23.0864925  8.3139965
 399004 -23.4629441  8.4053980
 399890 -25.2948227  8.9597417
 400129 -25.6435015  8.9177959
 400241 -25.1155917  8.4429144
 400340 -25.2508762  8.7998514
 400461 -27.0498652  9.3717854
 400502 -25.6155917  9.3491238
 400571 -24.7782118  8.7089281
 400607 -27.2726057  9.2358085
 400613 -23.9699281  7.9480057
 401047 -25.0254482  8.6004946
 401908 -23.9903043  8.2400105
 402407 -25.3668922  8.8264278
 402412 -25.2225524  8.4425472
 402639 -25.7616402  9.3323770
 403811 -25.5852039  8.6388485
 404038 -23.8048959  8.8580278
 404799 -24.3304154  8.7089174
 404893 -24.1593046  8.5695553
 404952 -25.1453203  8.8430046
 405080 -24.2378968  8.6335824
 405088 -25.3183588  8.7366796
 405111 -26.8708715  9.3252761
 405116 -25.9204328  9.5937706
 405224 -26.3482769  9.1543423
 405251 -25.7321819  8.5573810
 405468 -25.1978827  8.6910451
 405495 -27.1482769  9.6139027
 409980 -23.0941386  7.8574276
 410174 -24.0435015  8.3193601
 410263 -23.1310317  8.7734399
 410288 -23.7838308  9.2040720
 410358 -25.4119276  8.9448559
 410442 -24.2453203  8.6337394
 410494 -25.8695872  8.6336476
 410498 -26.8695872  8.6886277
 410614 -24.5449069  8.5544596
 410634 -25.9193701  9.3056095
 410661 -23.6228351  8.6798456
 412291 -25.5639816  8.9497191
 412339 -25.2872935  9.0275079
 412613 -23.3486672  9.1406834
 412634 -24.8251830  8.7787125
 412698 -23.7852039  8.4916328
 412752 -24.2247353  8.6758946
 412768 -23.2319432  8.2661454
 412790 -23.3587327  7.9470377
 412829 -24.8228351  8.6840017
 412877 -23.3630596  8.3861576
 412885 -23.1740495  8.7288935
 412978 -22.8189352  8.1812421
 412984 -24.5709376  8.4927944
 412989 -25.7683511  8.4663420
 413024 -24.8048959  8.5397005
 413046 -25.0183343  8.5260703
 413052 -26.2726057  9.0717197
 413055 -25.8929591  8.6325156
 413070 -24.0145923  8.8850819
 413071 -26.6709246  8.9427597
 413075 -27.5688913  9.8182539
 413197 -24.5789345  8.7747949
 413227 -23.8903043  8.4973635
 413231 -23.3435963  8.3600514
 413252 -26.5016295  9.2376906
 413277 -24.9969850  8.6487446
 413310 -27.3092642  9.4424529
 413360 -24.6321819  9.2745488
 413392 -23.0872935  8.2788596
 413419 -23.6155917  7.9552989
 413420 -24.6404704  8.5382683
 413468 -24.5145923  8.9320357
 413474 -23.8936451  8.0834926
 413487 -25.1596988  8.6274415
 413498 -24.6892190  9.1663490
 413526 -23.1252014  9.0440470
 413530 -24.9782298  8.8290854
 413536 -23.6668922  8.4793409
 413603 -26.1894252  8.7241855
 413658 -26.2608159  8.5109302
 413713 -25.8234225  8.9029553
 413721 -26.4166602  9.4341759
 413729 -23.2598254  8.5855958
 413767 -25.8341332  9.0221882
 413805 -25.3068134  9.0326361
 413878 -24.6938584  9.4655813
 413888 -23.8310317  8.5129964
 413900 -25.4076688  8.9257951
 413943 -24.9228351  8.8610698
 413949 -24.1593046  8.5167367
 413960 -25.3709072  8.5149777
 413965 -26.5612123  9.1544951
 414025 -25.7854144  9.0337481
 414062 -43.8872935  13.9907243
 414068 -25.3529027  8.8637079
 414085 -24.9495850  8.5969302
 414104 -25.3669333  8.3506465
 414188 -25.3495850  8.6898413
 414194 -23.9183588  8.2199909
 414231 -26.0359282  9.0076210
 414276 -25.3012595  8.4648499
 414312 -23.4965672  8.7524524
 414315 -26.0969573  8.7820968
 414392 -26.5466983  9.5574841
 414409 -22.8598254  8.3190930
 414429 -26.0532742  9.0778415
 414442 -24.6675830  8.7149469
 414562 -23.5486672  8.4496520
 414568 -22.3310317  7.9192809
 414615 -24.9509410  8.8121030
 414652 -26.3838308  9.7085982
 414739 -23.1036659  8.2832552
 414757 -23.4144332  7.8980777
 414759 -24.1099924  8.3928736
 414780 -25.9892190  9.3138199
 414877 -26.0092642  8.6816958
 414918 -25.8482769  8.8174959
 415110 -26.7851440  9.6948529
 415115 -25.8348324  9.7023970
 415119 -24.3619639  8.6645805
 415149 -25.0404704  8.8459871
 415159 -24.5319432  8.2549952
 415169 -23.6675830  7.7539778
 415181 -23.3252014  8.2219942
 415231 -22.5448515  8.4331818
 415242 -24.5148071  8.9114324
 415268 -27.0109832  9.3378822
 415283 -25.5433321  9.0947728
 415286 -23.4903043  9.1748924
 415313 -23.8629441  8.5215259
 415360 -24.9669652  8.8078654
 415373 -26.0726057  9.1660533
 415379 -27.1228351  9.3175409
 415386 -25.4525302  8.5380160
 415418 -25.7804228  8.9431737
 415425 -26.1204328  9.1233116
 415430 -27.3529027  9.7904567
 415436 -23.6965672  8.4176121
 415442 -23.1036659  8.0892646
 415502 -27.0912847  8.8476340
 415513 -25.3155917  8.6804712
 415584 -22.7288943  7.9044439
 415585 -25.8348324  8.7610177
 415636 -23.2252014  7.9434770
 415669 -26.4409297  8.8812996
 415674 -24.5459404  8.5642933
 415706 -23.6148071  8.0002565
 415717 -24.5023107  8.9756753
 415734 -23.4063996  8.3139821
 415745 -23.9675830  8.6422239
 415761 -23.0295574  8.4450833
 415798 -26.7819336  8.8220494
 415799 -26.5449963  9.0091061
 415824 -25.8373089  9.0945257
 415832 -24.4063996  8.2742132
 415838 -26.2279130  8.9406940
 415841 -27.3800843  9.2546740
 415847 -23.5435963  7.9534555
 415877 -43.5295574  13.7850860
 415886 -23.4164253  8.0022310
 415985 -24.9613884  8.6633906
 416003 -25.5936451  8.9562008
 416059 -22.4135211  7.9310931
 416085 -26.1031654  9.3333007
 416095 -25.0770566  8.8887152
 416127 -22.4699281  8.0342434
 416147 -25.3593046  9.1349963
 416207 -25.2495850  8.4109205
 416217 -25.9974164  9.2130538
 416222 -26.5800843  8.6240992
 416229 -27.3247353  9.8717785
 416250 -25.3346424  8.6445560
 416317 -26.7102403  9.7559936
 416339 -24.4453203  9.0575898
 416372 -24.6319432  9.0820091
 417723 -25.2194617  8.6961713
 418153 -26.9695872  9.0836915
 419673 -25.8770566  8.7641299
 420309 -26.5118060  9.1417173
 420839 -26.5955277  9.3321433
 420936 -26.4063996  9.4121004
 422023 -25.9594321  8.5902256
 422686 -25.1251830  8.5286022
 422820 -24.6509410  8.6548220
