 4333  1.22  15.88239350
 5849  1.37  16.10571640
 5994  1.33  16.04824580
 6082  2.09  17.02096380
 6522  1.36  16.09147110
 6959  1.59  16.40709020
 7331  1.37  16.10571640
 7863  0.40  13.52960780
 8165  0.84  15.15953280
 9120  0.43  13.69992510
 14954  0.79  15.03747290
 15503  1.54  16.34049050
 15613  1.45  16.21789670
 15698  1.23  15.89805010
 15829  1.78  16.65208910
 16468  1.50  16.28645770
 18231  1.45  16.21789670
 20866  0.85  15.18288280
 21110  1.53  16.32702170
 21416  2.25  17.19259510
 21637  1.80  16.67712090
 24605  1.41  16.16224700
 24872  1.67  16.51176290
 25010  1.13  15.73553090
 25094  0.84  15.15953280
 25649  1.61  16.43349450
 25713  1.35  16.07713600
 27283  0.66  14.66773350
 27505  1.75  16.61423400
 27530  1.25  15.92893380
 27649  0.63  14.56800420
 27712  0.84  15.15953280
 27783  2.31  17.25391150
 27844  2.40  17.34287730
 28103  1.85  16.73918820
 28165  1.10  15.68399450
 28219  0.97  15.44187950
 28384  1.80  16.67712090
 28409  2.13  17.06501220
 28457  1.48  16.25922400
 28472  1.66  16.49877790
 28519  1.66  16.49877790
 28558  0.75  14.93270710
 28561  1.29  15.98942660
 28691  1.83  16.71446380
 28715  1.30  16.00439580
 28742  2.27  17.21322920
 28773  1.53  16.32702170
 42406  1.16  15.78573560
 42704  0.87  15.22872410
 42934  0.83  15.13578480
 42974  0.83  15.13578480
 43150  1.14  15.75248030
 46879  0.96  15.42167830
 46957  1.14  15.75248030
 47005  0.75  14.93270710
 47207  2.57  17.49971020
 47702  1.31  16.01904900
 47920  0.98  15.46171460
 47954  0.86  15.20599590
 47978  1.58  16.39378710
 47999  1.11  15.70131480
 48052  1.89  16.78815890
 48143  1.60  16.42028170
 48170  0.77  14.98596110
 48199  1.87  16.76372250
 48284  1.41  16.16224700
 48309  1.44  16.20404500
 48325  0.78  15.01192370
 48378  1.51  16.29998790
 48406  1.00  15.50084860
 48461  2.00  16.91873720
 48523  1.46  16.23173210
 48527  0.46  13.85800470
 48533  0.53  14.18466700
 48552  1.08  15.64881520
 48677  2.43  17.37160650
 48687  0.82  15.11176470
 48814  1.21  15.86657670
 48849  0.65  14.63514980
 48880  0.56  14.30875840
 48902  1.19  15.83457270
 48910  1.49  16.27284010
 48929  0.78  15.01192370
 49052  1.11  15.70131480
 49131  1.50  16.28645770
 49193  0.86  15.20599590
 49197  1.14  15.75248030
 49217  0.67  14.69958410
 49233  1.79  16.66459860
 49294  1.81  16.68959700
 49295  0.85  15.18288280
 49311  1.64  16.47278490
 49321  1.37  16.10571640
 49370  0.91  15.31718370
 49383  0.87  15.22872410
 49398  1.54  16.34049050
 49448  0.74  14.90543860
 49524  1.38  16.11995150
 49530  1.64  16.47278490
 49531  1.66  16.49877790
 49548  1.43  16.19016000
 49561  1.85  16.73918820
 49570  0.78  15.01192370
 49602  1.22  15.88239350
 49618  1.43  16.19016000
 49658  1.11  15.70131480
 49662  1.01  15.52004970
 49667  2.27  17.21322920
 49689  0.45  13.80663000
 49726  0.70  14.79124070
 49737  1.02  15.53903990
 49768  0.71  14.82053340
 49777  1.05  15.59478590
 49794  1.66  16.49877790
 49795  1.88  16.77594710
 49861  1.18  15.81843680
 49871  1.45  16.21789670
 49904  0.40  13.52960780
 49910  0.79  15.03747290
 49921  0.95  15.40130140
 49934  1.06  15.61296330
 49938  1.62  16.44662950
 49940  1.17  15.80217460
 49969  1.15  15.76913000
 49984  1.27  15.95947320
 50031  1.51  16.29998790
 50090  1.25  15.92893380
 50203  2.15  17.08679520
 50209  1.07  15.63100990
 50270  1.25  15.92893380
 50372  2.32  17.26402380
 50391  1.10  15.68399450
 50411  2.18  17.11907110
 50442  1.60  16.42028170
 50456  0.63  14.56800420
 50481  1.40  16.14822030
 50590  1.45  16.21789670
 50611  1.39  16.13412570
 50613  1.08  15.64881520
 50627  0.65  14.63514980
 50647  0.57  14.34830470
 50660  2.27  17.21322920
 50666  1.05  15.59478590
 50673  0.39  13.46993120
 50688  2.97  17.82423720
 50699  1.23  15.89805010
 50718  0.37  13.34574390
 50745  1.29  15.98942660
 50760  0.22  12.12425270
 50774  0.57  14.34830470
 50776  2.01  16.93030680
 50813  1.04  15.57642930
 50815  1.59  16.40709020
 50819  0.75  14.93270710
 50891  1.15  15.76913000
 50905  0.63  14.56800420
 50929  0.75  14.93270710
 50935  0.78  15.01192370
 50944  0.34  13.14644510
 50946  0.30  12.85200960
 50957  1.32  16.03371810
 50978  2.22  17.16134410
 50992  2.10  17.03204840
 51026  1.63  16.45971950
 51074  1.20  15.85072010
 51094  1.67  16.51176290
 51102  1.22  15.88239350
 51108  0.97  15.44187950
 51111  1.58  16.39378710
 51136  0.93  15.35974020
 51153  1.03  15.55779260
 51164  0.66  14.66773350
 51176  0.76  14.95954990
 51179  1.92  16.82431000
 51187  0.33  13.07626460
 51209  1.24  15.91361960
 51213  1.65  16.48583630
 51221  1.40  16.14822030
 51229  1.28  15.97449610
 51246  1.13  15.73553090
 51254  1.73  16.58881300
 51276  2.31  17.25391150
 51278  1.34  16.06275080
 51287  2.33  17.27403290
 51297  1.81  16.68959700
 51298  0.97  15.44187950
 51299  1.04  15.57642930
 51339  1.15  15.76913000
 51379  1.53  16.32702170
 51395  2.17  17.10829530
 51410  1.65  16.48583630
 51425  0.70  14.79124070
 51430  0.99  15.48140140
 51444  1.56  16.36727720
 51457  1.01  15.52004970
 51482  1.65  16.48583630
 51490  0.58  14.38699440
 51491  1.06  15.61296330
 51499  0.78  15.01192370
 51507  1.71  16.56331350
 51524  0.91  15.31718370
 51526  1.47  16.24548420
 51542  3.08  17.90434970
 51563  1.37  16.10571640
 51564  0.62  14.53329080
 51583  1.94  16.84822630
 51602  1.36  16.09147110
 51619  1.75  16.61423400
 51651  0.94  15.38064920
 51661  0.57  14.34830470
 51664  1.95  16.86008730
 51693  0.43  13.69992510
 51715  1.23  15.89805010
 51730  1.30  16.00439580
 51735  2.20  17.14031090
 51759  0.81  15.08735110
 51782  0.55  14.26841700
 51802  1.21  15.86657670
 51827  1.22  15.88239350
 51837  1.07  15.63100990
 51840  1.47  16.24548420
 51845  1.19  15.83457270
 51851  1.05  15.59478590
 51870  1.28  15.97449610
 51881  1.64  16.47278490
 51931  0.85  15.18288280
 51943  1.77  16.63948050
 51946  0.47  13.90810420
 51947  0.91  15.31718370
 51959  1.25  15.92893380
 51978  2.05  16.97601640
 51990  2.27  17.21322920
 52001  0.71  14.82053340
 52007  0.51  14.09690530
 52046  1.04  15.57642930
 52053  2.42  17.36208860
 52070  1.82  16.70201440
 52099  1.92  16.82431000
 52114  1.44  16.20404500
 52144  0.79  15.03747290
 52165  1.75  16.61423400
 52182  2.33  17.27403290
 52212  2.00  16.91873720
 52253  0.88  15.25125690
 52277  0.83  15.13578480
 52279  1.82  16.70201440
 52294  2.26  17.20289870
 52316  1.48  16.25922400
 52342  1.23  15.89805010
 52371  1.50  16.28645770
 52392  2.20  17.14031090
 52396  2.56  17.49089290
 52423  0.56  14.30875840
 52462  1.44  16.20404500
 52500  2.82  17.70892320
 52520  0.80  15.06258190
 52529  1.16  15.78573560
 52537  0.79  15.03747290
 52562  1.12  15.71853930
 52564  1.56  16.36727720
 52598  1.64  16.47278490
 52633  0.79  15.03747290
 52637  1.23  15.89805010
 52660  1.12  15.71853930
 52667  1.29  15.98942660
 52684  1.38  16.11995150
 52705  2.44  17.38111270
 52731  1.66  16.49877790
 52737  1.29  15.98942660
 52762  1.21  15.86657670
 52797  1.10  15.68399450
 52886  1.34  16.06275080
 52891  1.05  15.59478590
 52893  1.81  16.68959700
 52895  1.16  15.78573560
 52955  0.69  14.76126740
 52963  2.01  16.93030680
 52972  2.52  17.45502140
 52984  2.10  17.03204840
 52990  2.04  16.96470230
 52997  1.66  16.49877790
 53001  1.55  16.35384830
 53015  1.50  16.28645770
 53037  0.73  14.87766050
 53067  0.68  14.73077090
 53080  0.71  14.82053340
 53097  2.33  17.27403290
 53108  1.16  15.78573560
 53122  1.43  16.19016000
 53151  2.02  16.94182190
 53169  1.61  16.43349450
 53212  1.35  16.07713600
 53226  0.42  13.64462090
 53242  1.64  16.47278490
 53245  1.57  16.38057340
 53254  1.50  16.28645770
 53269  1.18  15.81843680
 53288  1.55  16.35384830
 53307  0.99  15.48140140
 53373  1.93  16.83627340
 53413  1.49  16.27284010
 53426  1.03  15.55779260
 53429  1.02  15.53903990
 53460  0.62  14.53329080
 53491  0.88  15.25125690
 53524  1.39  16.13412570
 53559  1.50  16.28645770
 53565  1.51  16.29998790
 53581  0.71  14.82053340
 53615  0.78  15.01192370
 53651  0.79  15.03747290
 53659  0.84  15.15953280
 53703  0.92  15.33853830
 54106  2.41  17.35249890
 54122  1.21  15.86657670
 54160  0.62  14.53329080
 55119  0.91  15.31718370
 55431  0.72  14.84938180
 55432  2.04  16.96470230
 61621  1.54  16.34049050
 61811  1.30  16.00439580
 62922  2.66  17.57769440
 62974  2.17  17.10829530
 62992  1.03  15.55779260
 63013  0.77  14.98596110
 63192  0.61  14.49790190
 63351  2.02  16.94182190
 64604  0.92  15.33853830
 66223  0.92  15.33853830
 67611  0.46  13.85800470
 67999  1.69  16.53758410
 73832  1.80  16.67712090
 75263  0.77  14.98596110
 77140  0.54  14.22701380
 87700  2.27  17.21322920
 92695  0.99  15.48140140
 93029  0.91  15.31718370
 93182  1.33  16.04824580
 94812  1.35  16.07713600
 94851  1.94  16.84822630
 95782  2.23  17.17183410
 95804  1.70  16.55046880
 95949  0.94  15.38064920
 97786  0.98  15.46171460
 98311  1.02  15.53903990
 102009  1.63  16.45971950
 103847  1.11  15.70131480
 104757  1.32  16.03371810
 104903  1.34  16.06275080
 105023  1.57  16.38057340
 105313  2.47  17.40914020
 105411  0.34  13.14644510
 105459  0.80  15.06258190
 105472  2.54  17.47303670
 105669  2.42  17.36208860
 105711  0.66  14.66773350
 105835  0.65  14.63514980
 105887  0.83  15.13578480
 105991  1.36  16.09147110
 106162  0.56  14.30875840
 106382  0.35  13.21475090
 107060  1.21  15.86657670
 107063  0.80  15.06258190
 107559  1.06  15.61296330
 108383  1.90  16.80022100
 111220  1.41  16.16224700
 111358  1.61  16.43349450
 113863  0.72  14.84938180
 114859  0.91  15.31718370
 115358  0.71  14.82053340
 115903  1.19  15.83457270
 116925  0.58  14.38699440
 116955  1.40  16.14822030
 118782  0.83  15.13578480
 120718  1.00  15.50084860
 121194  0.93  15.35974020
 121519  1.34  16.06275080
 122238  1.82  16.70201440
 137760  0.99  15.48140140
 138140  0.60  14.46168470
 138169  1.44  16.20404500
 138259  2.37  17.31370020
 138273  1.51  16.29998790
 138284  1.18  15.81843680
 138299  1.40  16.14822030
 138353  0.96  15.42167830
 138470  2.26  17.20289870
 138531  1.33  16.04824580
 138566  2.01  16.93030680
 138631  1.95  16.86008730
 138700  1.12  15.71853930
 138713  2.33  17.27403290
 138753  1.08  15.64881520
 138783  1.13  15.73553090
 138990  2.48  17.41844470
 139039  1.53  16.32702170
 139269  2.01  16.93030680
 139281  1.19  15.83457270
 139296  4.17  18.57331770
 139312  1.57  16.38057340
 139318  1.60  16.42028170
 139344  1.61  16.43349450
 139358  0.47  13.90810420
 139510  1.12  15.71853930
 139594  1.35  16.07713600
 139607  1.41  16.16224700
 139611  2.17  17.10829530
 139686  1.89  16.78815890
 139692  1.19  15.83457270
 139848  1.21  15.86657670
 139873  1.77  16.63948050
 139886  1.52  16.31353470
 139904  1.55  16.35384830
 139913  1.12  15.71853930
 140045  0.66  14.66773350
 140142  0.38  13.40864510
 140281  2.12  17.05410170
 140361  1.41  16.16224700
 140524  0.75  14.93270710
 140547  1.13  15.73553090
 140553  1.46  16.23173210
 140622  1.07  15.63100990
 140713  0.48  13.95702570
 140796  0.85  15.18288280
 140924  1.63  16.45971950
 140934  0.70  14.79124070
 140945  0.85  15.18288280
 140950  1.25  15.92893380
 140951  2.50  17.43682540
 141001  2.17  17.10829530
 141011  0.86  15.20599590
 141119  0.59  14.42473690
 141141  1.58  16.39378710
 141181  0.83  15.13578480
 141183  0.52  14.14131880
 141245  1.83  16.71446380
 141257  1.44  16.20404500
 141353  1.70  16.55046880
 141503  0.69  14.76126740
 141507  1.56  16.36727720
 141550  2.15  17.08679520
 141593  0.61  14.49790190
 141653  1.68  16.52471180
 141672  2.46  17.39979230
 141708  1.56  16.36727720
 141715  1.80  16.67712090
 141722  0.99  15.48140140
 141726  1.46  16.23173210
 141744  0.69  14.76126740
 141757  1.05  15.59478590
 141785  0.91  15.31718370
 141851  1.71  16.56331350
 141858  2.61  17.53476520
 141878  1.73  16.58881300
 142067  0.98  15.46171460
 142166  1.30  16.00439580
 142177  2.06  16.98733770
 142190  0.97  15.44187950
 142271  1.60  16.42028170
 142278  1.26  15.94419720
 142283  1.43  16.19016000
 142297  0.85  15.18288280
 142330  2.02  16.94182190
 142372  0.52  14.14131880
 142373  0.73  14.87766050
 142546  1.11  15.70131480
 142571  1.51  16.29998790
 142621  1.29  15.98942660
 142706  1.22  15.88239350
 142707  2.89  17.76359160
 142708  1.78  16.65208910
 142806  0.68  14.73077090
 142853  0.68  14.73077090
 142895  1.83  16.71446380
 142916  2.13  17.06501220
 142925  1.09  15.66657380
 142933  1.88  16.77594710
 142976  0.80  15.06258190
 143019  0.98  15.46171460
 143339  1.14  15.75248030
 143690  2.03  16.95323760
 143892  0.79  15.03747290
 143909  1.59  16.40709020
 144531  2.12  17.05410170
 144747  2.39  17.33318840
 149320  1.04  15.57642930
 149388  2.28  17.22351400
 149582  1.61  16.43349450
 149637  0.98  15.46171460
 149704  0.85  15.18288280
 150544  2.26  17.20289870
 152677  1.72  16.57609560
 152706  0.83  15.13578480
 153199  1.17  15.80217460
 153577  2.02  16.94182190
 153651  1.99  16.90716670
 155491  1.51  16.29998790
 155962  1.25  15.92893380
 156920  1.71  16.56331350
 157016  1.81  16.68959700
 157121  1.72  16.57609560
 157172  0.74  14.90543860
 157204  0.60  14.46168470
 157209  0.33  13.07626460
 157307  1.63  16.45971950
 157342  0.81  15.08735110
 157409  1.14  15.75248030
 157646  1.15  15.76913000
 157753  1.39  16.13412570
 157916  1.52  16.31353470
 157938  1.55  16.35384830
 158463  1.65  16.48583630
 158797  2.18  17.11907110
 158808  1.35  16.07713600
 159183  1.69  16.53758410
 159205  1.38  16.11995150
 159232  1.94  16.84822630
 160790  1.19  15.83457270
 162038  1.57  16.38057340
 162234  2.00  16.91873720
 163504  0.68  14.73077090
 163870  1.69  16.53758410
 164246  0.55  14.26841700
 164361  1.24  15.91361960
 164500  0.56  14.30875840
 164750  2.39  17.33318840
 165235  2.43  17.37160650
 166260  1.53  16.32702170
 166294  0.95  15.40130140
 167788  0.73  14.87766050
 167808  0.72  14.84938180
 168628  0.87  15.22872410
 168720  1.70  16.55046880
 168742  0.97  15.44187950
 169275  0.57  14.34830470
 169453  2.23  17.17183410
 169745  0.59  14.42473690
 170121  1.90  16.80022100
 170181  1.89  16.78815890
 170723  1.57  16.38057340
 170736  1.25  15.92893380
 170748  1.42  16.17623140
 170951  1.19  15.83457270
 171256  1.83  16.71446380
 171260  1.12  15.71853930
 171307  0.99  15.48140140
 171344  1.47  16.24548420
 171511  2.13  17.06501220
 171757  1.51  16.29998790
 171772  1.67  16.51176290
 171806  0.43  13.69992510
 171859  0.89  15.27349810
 172364  1.74  16.60153760
 172396  0.90  15.29546180
 172424  1.80  16.67712090
 172697  0.89  15.27349810
 172721  2.55  17.48201120
 172804  1.19  15.83457270
 172835  1.78  16.65208910
 172927  0.80  15.06258190
 173016  2.22  17.16134410
 173060  1.10  15.68399450
 173154  2.04  16.96470230
 173181  0.67  14.69958410
 173244  1.73  16.58881300
 173251  2.15  17.08679520
 173269  0.66  14.66773350
 173461  0.50  14.05139840
 173466  2.15  17.08679520
 173495  0.44  13.75393130
 173517  1.44  16.20404500
 173537  0.88  15.25125690
 173645  0.79  15.03747290
 173656  1.35  16.07713600
 173759  1.28  15.97449610
 173793  1.89  16.78815890
 173827  1.36  16.09147110
 173888  1.57  16.38057340
 173898  2.22  17.16134410
 173942  1.51  16.29998790
 173947  1.15  15.76913000
 174021  2.17  17.10829530
 174027  0.80  15.06258190
 174032  2.12  17.05410170
 174074  0.73  14.87766050
 174110  1.65  16.48583630
 174146  1.65  16.48583630
 174154  1.16  15.78573560
 174158  1.36  16.09147110
 174172  1.79  16.66459860
 174267  1.52  16.31353470
 174313  2.23  17.17183410
 174394  0.78  15.01192370
 174450  0.77  14.98596110
 174455  1.66  16.49877790
 174501  1.19  15.83457270
 174511  1.33  16.04824580
 174696  1.31  16.01904900
 174700  1.31  16.01904900
 174702  1.07  15.63100990
 174753  1.29  15.98942660
 174798  0.68  14.73077090
 174930  1.76  16.62687060
 174947  1.83  16.71446380
 175038  0.63  14.56800420
 175051  0.91  15.31718370
 175400  0.88  15.25125690
 175437  1.27  15.95947320
 175443  1.47  16.24548420
 175487  1.18  15.81843680
 175566  1.13  15.73553090
 175594  0.98  15.46171460
 175609  1.59  16.40709020
 175794  0.64  14.60188910
 176058  1.04  15.57642930
 176102  2.38  17.32342840
 176168  1.02  15.53903990
 176176  2.31  17.25391150
 176179  1.65  16.48583630
 176245  0.53  14.18466700
 176349  0.96  15.42167830
 176454  2.04  16.96470230
 176568  1.67  16.51176290
 176652  2.16  17.09758520
 176683  1.69  16.53758410
 176813  0.77  14.98596110
 176919  0.64  14.60188910
 176945  1.36  16.09147110
 178658  1.75  16.61423400
 178941  0.87  15.22872410
 182986  1.56  16.36727720
 183089  1.63  16.45971950
 183484  0.75  14.93270710
 184206  1.34  16.06275080
 184678  1.77  16.63948050
 184921  0.81  15.08735110
 185683  1.87  16.76372250
 185887  1.02  15.53903990
 186300  1.47  16.24548420
 186677  1.03  15.55779260
 187111  1.23  15.89805010
 187373  0.65  14.63514980
 189383  1.18  15.81843680
 189430  0.57  14.34830470
 189552  1.18  15.81843680
 191749  0.83  15.13578480
 191755  0.81  15.08735110
 191947  1.34  16.06275080
 203322  0.94  15.38064920
 203476  1.10  15.68399450
 226023  0.61  14.49790190
 226236  1.88  16.77594710
 226326  1.79  16.66459860
 226358  1.09  15.66657380
 226839  2.14  17.07592270
 227050  0.92  15.33853830
 227142  0.70  14.79124070
 227336  1.24  15.91361960
 227408  1.32  16.03371810
 227573  0.60  14.46168470
 227700  1.71  16.56331350
 227847  0.64  14.60188910
 227875  0.40  13.52960780
 227889  0.57  14.34830470
 228205  1.20  15.85072010
 229005  2.28  17.22351400
 229046  2.71  17.61974030
 229153  0.89  15.27349810
 229161  0.74  14.90543860
 229184  0.92  15.33853830
 229347  0.63  14.56800420
 229352  1.50  16.28645770
 229882  2.38  17.32342840
 230059  1.93  16.83627340
 230372  1.71  16.56331350
 230390  0.79  15.03747290
 230434  1.11  15.70131480
 230507  1.44  16.20404500
 230527  0.65  14.63514980
 230534  0.92  15.33853830
 230730  2.15  17.08679520
 230819  0.65  14.63514980
 230938  0.43  13.69992510
 230959  0.49  14.00480030
 231092  2.58  17.50849420
 231141  0.99  15.48140140
 231351  2.07  16.99859500
 231435  0.57  14.34830470
 231444  0.40  13.52960780
 231473  1.04  15.57642930
 231561  0.86  15.20599590
 231571  2.67  17.58615820
 232215  0.37  13.34574390
 233307  0.77  14.98596110
 233570  1.06  15.61296330
 233668  2.20  17.14031090
 234032  1.80  16.67712090
 234159  0.66  14.66773350
 234214  2.17  17.10829530
 234312  1.35  16.07713600
 234426  1.75  16.61423400
 234680  0.66  14.66773350
 234688  1.83  16.71446380
 234907  0.59  14.42473690
 235025  1.27  15.95947320
 235032  1.61  16.43349450
 235348  0.85  15.18288280
 235995  1.09  15.66657380
 236126  0.84  15.15953280
 236150  1.30  16.00439580
 236261  1.38  16.11995150
 236283  1.21  15.86657670
 236370  1.35  16.07713600
 236479  0.97  15.44187950
 236486  1.90  16.80022100
 236554  1.62  16.44662950
 236750  1.77  16.63948050
 236825  1.83  16.71446380
 236850  0.34  13.14644510
 236851  1.64  16.47278490
 236885  2.15  17.08679520
 236895  1.14  15.75248030
 237027  0.95  15.40130140
 237153  1.59  16.40709020
 237194  1.37  16.10571640
 237231  0.56  14.30875840
 237266  1.26  15.94419720
 237283  0.81  15.08735110
 237295  1.18  15.81843680
 237387  1.42  16.17623140
 237460  0.65  14.63514980
 237474  0.12  10.72639900
 237515  0.46  13.85800470
 237573  1.44  16.20404500
 237578  0.84  15.15953280
 237613  1.95  16.86008730
 237678  1.87  16.76372250
 237694  2.91  17.77895830
 237740  0.78  15.01192370
 237744  1.33  16.04824580
 237794  1.68  16.52471180
 237844  0.53  14.18466700
 237866  2.11  17.04305310
 237893  1.83  16.71446380
 238100  2.47  17.40914020
 238240  0.61  14.49790190
 238352  0.29  12.77216190
 238400  1.09  15.66657380
 238407  1.30  16.00439580
 238436  0.65  14.63514980
 238539  0.98  15.46171460
 238650  0.76  14.95954990
 238946  1.29  15.98942660
 239042  1.51  16.29998790
 239271  1.30  16.00439580
 239554  1.57  16.38057340
 239810  2.18  17.11907110
 239859  0.90  15.29546180
 239921  1.11  15.70131480
 239979  1.20  15.85072010
 240181  2.43  17.37160650
 240244  2.30  17.24382850
 240373  2.32  17.26402380
 241496  0.69  14.76126740
 241770  0.82  15.11176470
 242120  2.31  17.25391150
 242435  0.36  13.28107590
 242564  1.87  16.76372250
 242961  2.31  17.25391150
 242984  0.76  14.95954990
 244535  0.84  15.15953280
 245189  2.15  17.08679520
 246337  1.06  15.61296330
 246495  0.98  15.46171460
 246859  0.50  14.05139840
 248013  2.26  17.20289870
 252332  2.36  17.30385920
 252393  0.38  13.40864510
 252645  1.25  15.92893380
 252722  2.47  17.40914020
 252871  0.47  13.90810420
 252909  1.15  15.76913000
 253023  2.02  16.94182190
 253049  0.38  13.40864510
 253062  0.60  14.46168470
 253221  1.47  16.24548420
 253260  1.46  16.23173210
 253337  2.04  16.96470230
 253529  1.26  15.94419720
 253546  0.60  14.46168470
 253583  2.11  17.04305310
 253613  1.57  16.38057340
 253752  0.40  13.52960780
 253863  1.34  16.06275080
 253872  1.45  16.21789670
 253898  1.61  16.43349450
 254259  1.98  16.89546120
 254568  1.45  16.21789670
 254644  0.76  14.95954990
 254670  0.79  15.03747290
 254860  1.07  15.63100990
 254976  1.03  15.55779260
 255024  0.99  15.48140140
 255052  1.72  16.57609560
 255236  1.55  16.35384830
 255338  1.62  16.44662950
 255458  2.22  17.16134410
 255616  2.01  16.93030680
 255630  0.38  13.40864510
 255664  2.16  17.09758520
 255765  1.09  15.66657380
 255976  2.99  17.83902520
 256008  2.40  17.34287730
 256572  1.92  16.82431000
 256751  0.76  14.95954990
 257259  0.56  14.30875840
 257376  0.73  14.87766050
 257403  1.19  15.83457270
 257480  1.25  15.92893380
 258307  0.97  15.44187950
 258847  0.71  14.82053340
 260272  0.89  15.27349810
 261883  1.00  15.50084860
 269538  0.78  15.01192370
 270381  0.59  14.42473690
 273293  0.93  15.35974020
 273369  1.48  16.25922400
 273523  1.56  16.36727720
 273926  1.73  16.58881300
 273930  1.64  16.47278490
 274446  1.03  15.55779260
 274664  0.65  14.63514980
 275255  0.88  15.25125690
 275375  1.68  16.52471180
 276786  1.57  16.38057340
 277136  2.27  17.21322920
 277633  1.19  15.83457270
 286634  2.29  17.23365200
 287218  1.20  15.85072010
 288274  0.65  14.63514980
 288288  2.83  17.71685940
 288304  1.53  16.32702170
 288590  1.67  16.51176290
 288749  1.69  16.53758410
 288771  1.41  16.16224700
 288972  2.09  17.02096380
 289233  1.73  16.58881300
 289454  1.95  16.86008730
 289504  0.96  15.42167830
 289615  1.61  16.43349450
 289701  0.65  14.63514980
 289703  1.84  16.72684390
 289752  1.28  15.97449610
 289758  0.66  14.66773350
 291587  0.53  14.18466700
 292667  1.48  16.25922400
 293859  1.30  16.00439580
 294026  1.95  16.86008730
 294073  1.52  16.31353470
 294099  0.36  13.28107590
 294183  0.27  12.60408150
 294661  1.35  16.07713600
 295691  0.86  15.20599590
 297182  2.49  17.42765170
 301706  2.37  17.31370020
 301740  0.79  15.03747290
 302120  1.87  16.76372250
 302459  1.48  16.25922400
 302482  1.71  16.56331350
 302504  2.36  17.30385920
 302633  0.66  14.66773350
 302658  1.14  15.75248030
 302741  0.98  15.46171460
 302742  0.75  14.93270710
 303377  1.77  16.63948050
 303476  0.29  12.77216190
 303648  1.22  15.88239350
 303675  1.71  16.56331350
 303997  1.72  16.57609560
 304619  1.79  16.66459860
 304843  0.17  11.52567440
 304909  0.70  14.79124070
 305239  2.01  16.93030680
 305292  0.30  12.85200960
 305445  1.59  16.40709020
 305926  1.18  15.81843680
 305935  1.23  15.89805010
 306232  2.12  17.05410170
 306292  1.81  16.68959700
 306394  0.90  15.29546180
 307250  1.85  16.73918820
 307316  1.56  16.36727720
 307423  2.34  17.28400500
 307471  1.25  15.92893380
 307591  1.52  16.31353470
 307613  2.18  17.11907110
 307656  0.82  15.11176470
 307790  1.17  15.80217460
 307848  1.46  16.23173210
 308054  1.86  16.75150130
 308089  0.80  15.06258190
 308123  1.64  16.47278490
 308142  1.57  16.38057340
 308263  1.32  16.03371810
 308304  1.31  16.01904900
 308893  1.75  16.61423400
 309860  1.51  16.29998790
 309913  2.18  17.11907110
 310001  1.58  16.39378710
 310465  1.87  16.76372250
 310525  1.12  15.71853930
 310860  1.12  15.71853930
 310980  1.70  16.55046880
 311120  1.04  15.57642930
 311242  1.57  16.38057340
 311294  0.83  15.13578480
 311385  1.15  15.76913000
 311873  1.36  16.09147110
 311957  1.61  16.43349450
 311971  1.06  15.61296330
 312134  1.20  15.85072010
 312199  2.59  17.51731750
 312255  1.08  15.64881520
 313482  1.37  16.10571640
 313521  1.16  15.78573560
 313622  0.83  15.13578480
 313931  0.59  14.42473690
 314076  0.96  15.42167830
 314081  0.65  14.63514980
 314414  0.94  15.38064920
 314619  1.10  15.68399450
 314664  1.07  15.63100990
 314668  1.23  15.89805010
 314812  1.13  15.73553090
 314933  1.40  16.14822030
 315009  1.64  16.47278490
 315098  0.77  14.98596110
 315167  1.82  16.70201440
 315188  1.95  16.86008730
 315271  1.02  15.53903990
 315282  0.85  15.18288280
 315644  2.33  17.27403290
 316067  0.76  14.95954990
 316173  2.35  17.29395530
 316394  1.73  16.58881300
 316457  1.49  16.27284010
 319489  0.65  14.63514980
 321648  0.68  14.73077090
 337817  0.58  14.38699440
 356473  0.56  14.30875840
 357662  1.16  15.78573560
 357818  0.58  14.38699440
 358009  0.81  15.08735110
 359032  0.82  15.11176470
 359316  1.19  15.83457270
 359335  0.39  13.46993120
 359370  0.72  14.84938180
 359777  2.30  17.24382850
 359951  1.91  16.81231180
 359957  0.82  15.11176470
 359995  0.61  14.49790190
 361133  1.06  15.61296330
 361163  0.74  14.90543860
 361446  0.46  13.85800470
 362744  1.15  15.76913000
 363423  1.27  15.95947320
 363684  3.18  17.97466750
 363946  0.80  15.06258190
 369311  2.72  17.62803080
 369319  1.20  15.85072010
 369486  0.90  15.29546180
 369666  1.18  15.81843680
 369829  0.24  12.32764090
 370953  1.82  16.70201440
 371096  1.90  16.80022100
 371185  1.58  16.39378710
 372247  1.23  15.89805010
 372416  0.86  15.20599590
 372615  0.85  15.18288280
 372763  0.77  14.98596110
 372769  1.04  15.57642930
 376917  0.62  14.53329080
 377045  0.27  12.60408150
 377296  0.87  15.22872410
 377360  1.49  16.27284010
 378363  0.81  15.08735110
 378454  1.00  15.50084860
 378455  2.00  16.91873720
 379653  0.64  14.60188910
 380187  1.64  16.47278490
 380188  1.78  16.65208910
 380205  1.47  16.24548420
 380213  1.42  16.17623140
 380221  1.25  15.92893380
 380233  1.38  16.11995150
 380236  0.80  15.06258190
 380243  1.55  16.35384830
 380279  1.00  15.50084860
 380301  1.64  16.47278490
 380323  1.98  16.89546120
 380330  0.92  15.33853830
 380351  1.87  16.76372250
 380352  0.55  14.26841700
 380360  1.19  15.83457270
 380385  0.98  15.46171460
 380387  0.48  13.95702570
 380391  1.48  16.25922400
 380392  1.65  16.48583630
 380408  0.67  14.69958410
 380459  1.90  16.80022100
 380486  1.42  16.17623140
 380498  0.68  14.73077090
 380504  1.32  16.03371810
 380505  1.34  16.06275080
 380536  1.30  16.00439580
 380556  1.22  15.88239350
 380572  1.94  16.84822630
 380575  0.84  15.15953280
 380591  0.54  14.22701380
 380597  1.56  16.36727720
 380603  1.18  15.81843680
 380638  1.50  16.28645770
 380916  2.01  16.93030680
 380925  1.54  16.34049050
 380960  1.55  16.35384830
 380990  1.12  15.71853930
 381349  0.55  14.26841700
 381354  1.74  16.60153760
 381380  0.67  14.69958410
 381455  1.55  16.35384830
 381748  2.20  17.14031090
 381760  1.45  16.21789670
 381854  0.50  14.05139840
 381856  1.08  15.64881520
 381871  0.88  15.25125690
 381974  0.88  15.25125690
 382208  1.25  15.92893380
 382429  1.74  16.60153760
 382834  1.26  15.94419720
 382842  2.00  16.91873720
 382847  1.99  16.90716670
 382907  1.36  16.09147110
 383148  1.27  15.95947320
 383243  1.85  16.73918820
 383311  1.24  15.91361960
 383412  1.22  15.88239350
 383425  1.73  16.58881300
 383485  1.06  15.61296330
 383510  1.75  16.61423400
 383536  0.49  14.00480030
 383568  1.69  16.53758410
 383576  2.15  17.08679520
 383609  1.52  16.31353470
 383631  1.34  16.06275080
 383684  2.46  17.39979230
 383702  0.40  13.52960780
 383755  1.87  16.76372250
 383781  1.07  15.63100990
 383790  1.48  16.25922400
 383823  1.77  16.63948050
 383830  1.69  16.53758410
 383844  2.16  17.09758520
 383857  0.88  15.25125690
 383870  0.95  15.40130140
 383885  2.13  17.06501220
 383886  0.83  15.13578480
 383912  1.99  16.90716670
 384004  1.83  16.71446380
 384020  3.72  18.31923810
 384073  0.83  15.13578480
 384080  0.98  15.46171460
 384109  2.33  17.27403290
 384154  1.37  16.10571640
 384160  0.40  13.52960780
 384183  2.51  17.44595820
 384231  1.97  16.88369540
 384249  0.55  14.26841700
 384302  1.71  16.56331350
 384309  2.95  17.80925400
 384362  0.80  15.06258190
 384366  2.20  17.14031090
 384386  1.55  16.35384830
 384406  1.56  16.36727720
 384431  1.34  16.06275080
 384432  1.52  16.31353470
 384441  1.64  16.47278490
 384456  2.02  16.94182190
 384477  2.09  17.02096380
 384514  1.84  16.72684390
 384519  1.34  16.06275080
 384533  2.07  16.99859500
 384535  2.63  17.55202860
 384547  1.21  15.86657670
 384560  1.61  16.43349450
 384571  1.98  16.89546120
 384581  2.88  17.75585300
 384591  1.21  15.86657670
 384675  2.22  17.16134410
 384786  0.53  14.18466700
 384849  2.56  17.49089290
 385065  1.51  16.29998790
 385784  1.37  16.10571640
 387502  0.73  14.87766050
 387844  1.13  15.73553090
 387970  1.20  15.85072010
 388124  1.21  15.86657670
 388504  1.52  16.31353470
 388768  1.17  15.80217460
 388820  2.14  17.07592270
 389459  0.61  14.49790190
 389556  0.81  15.08735110
 389614  0.95  15.40130140
 389637  1.17  15.80217460
 389646  0.43  13.69992510
 389778  1.69  16.53758410
 390560  2.17  17.10829530
 391274  0.78  15.01192370
 391383  1.14  15.75248030
 391496  0.75  14.93270710
 391578  1.14  15.75248030
 391696  2.14  17.07592270
 391742  1.51  16.29998790
 391833  0.63  14.56800420
 391889  1.09  15.66657380
 391928  1.41  16.16224700
 392071  1.00  15.50084860
 392138  2.46  17.39979230
 392204  2.79  17.68501820
 392256  1.96  16.87196600
 392309  0.74  14.90543860
 392350  1.26  15.94419720
 392400  0.82  15.11176470
 392479  1.16  15.78573560
 392488  2.17  17.10829530
 392550  1.21  15.86657670
 392609  1.42  16.17623140
 392646  0.76  14.95954990
 392661  1.34  16.06275080
 392663  1.39  16.13412570
 392669  0.53  14.18466700
 392708  1.53  16.32702170
 392715  0.70  14.79124070
 392819  0.90  15.29546180
 392856  0.99  15.48140140
 392932  2.38  17.32342840
 393004  2.49  17.42765170
 393067  1.89  16.78815890
 393069  1.68  16.52471180
 393134  0.90  15.29546180
 393154  2.83  17.71685940
 393215  1.13  15.73553090
 393235  1.79  16.66459860
 393268  2.30  17.24382850
 393277  0.96  15.42167830
 393310  1.85  16.73918820
 393356  1.10  15.68399450
 393402  1.46  16.23173210
 393465  1.69  16.53758410
 393492  1.43  16.19016000
 393535  1.27  15.95947320
 393539  0.88  15.25125690
 393543  0.75  14.93270710
 393552  0.75  14.93270710
 393570  1.43  16.19016000
 393582  1.91  16.81231180
 393590  1.13  15.73553090
 393669  2.06  16.98733770
 393683  2.00  16.91873720
 393744  0.76  14.95954990
 393752  1.11  15.70131480
 393802  1.40  16.14822030
 393946  1.49  16.27284010
 393948  2.15  17.08679520
 393961  2.09  17.02096380
 393994  2.58  17.50849420
 394047  1.52  16.31353470
 394141  1.25  15.92893380
 394185  2.92  17.78654030
 394255  1.42  16.17623140
 394262  1.15  15.76913000
 394281  0.61  14.49790190
 394284  3.00  17.84643930
 394319  0.41  13.58789640
 394392  0.41  13.58789640
 394434  1.80  16.67712090
 394459  0.82  15.11176470
 394475  0.88  15.25125690
 394492  1.42  16.17623140
 394499  2.33  17.27403290
 394630  1.39  16.13412570
 396756  0.90  15.29546180
 399003  0.68  14.73077090
 399004  0.38  13.40864510
 399890  0.83  15.13578480
 400129  1.29  15.98942660
 400241  1.22  15.88239350
 400340  1.47  16.24548420
 400461  2.35  17.29395530
 400502  1.22  15.88239350
 400571  1.20  15.85072010
 400607  1.83  16.71446380
 400613  0.82  15.11176470
 401047  1.28  15.97449610
 401908  0.51  14.09690530
 402407  1.36  16.09147110
 402412  1.02  15.53903990
 402639  1.54  16.34049050
 403811  1.10  15.68399450
 404038  1.06  15.61296330
 404799  1.52  16.31353470
 404893  0.99  15.48140140
 404952  1.08  15.64881520
 405080  1.59  16.40709020
 405088  1.45  16.21789670
 405111  2.08  17.00983010
 405116  1.79  16.66459860
 405224  1.89  16.78815890
 405251  1.34  16.06275080
 405468  1.70  16.55046880
 405495  1.89  16.78815890
 409980  0.59  14.42473690
 410174  1.29  15.98942660
 410263  0.52  14.14131880
 410288  0.91  15.31718370
 410358  1.64  16.47278490
 410442  1.08  15.64881520
 410494  1.68  16.52471180
 410498  1.68  16.52471180
 410614  0.81  15.08735110
 410634  0.84  15.15953280
 410661  1.58  16.39378710
 412291  1.04  15.57642930
 412339  0.75  14.93270710
 412613  0.50  14.05139840
 412634  1.07  15.63100990
 412698  1.10  15.68399450
 412752  1.12  15.71853930
 412768  0.73  14.87766050
 412790  0.58  14.38699440
 412829  1.58  16.39378710
 412877  0.61  14.49790190
 412885  0.40  13.52960780
 412978  0.34  13.14644510
 412984  0.53  14.18466700
 412989  2.17  17.10829530
 413024  1.06  15.61296330
 413046  1.39  16.13412570
 413052  1.83  16.71446380
 413055  2.10  17.03204840
 413070  1.33  16.04824580
 413071  3.23  18.00902800
 413075  3.09  17.91146390
 413197  2.18  17.11907110
 413227  0.51  14.09690530
 413231  0.85  15.18288280
 413252  1.01  15.52004970
 413277  1.32  16.03371810
 413310  1.94  16.84822630
 413360  1.34  16.06275080
 413392  0.75  14.93270710
 413419  1.22  15.88239350
 413420  1.18  15.81843680
 413468  1.33  16.04824580
 413474  0.79  15.03747290
 413487  1.82  16.70201440
 413498  1.26  15.94419720
 413526  0.66  14.66773350
 413530  2.60  17.52607350
 413536  1.36  16.09147110
 413603  2.19  17.12965670
 413658  2.58  17.50849420
 413713  1.87  16.76372250
 413721  2.53  17.46405500
 413729  0.74  14.90543860
 413767  1.23  15.89805010
 413805  2.41  17.35249890
 413878  1.77  16.63948050
 413888  0.52  14.14131880
 413900  1.57  16.38057340
 413943  1.58  16.39378710
 413949  0.99  15.48140140
 413960  1.25  15.92893380
 413965  2.26  17.20289870
 414025  1.84  16.72684390
 414062  0.75  14.93270710
 414068  1.60  16.42028170
 414085  1.35  16.07713600
 414104  1.75  16.61423400
 414188  1.35  16.07713600
 414194  1.45  16.21789670
 414231  1.88  16.77594710
 414276  1.38  16.11995150
 414312  0.62  14.53329080
 414315  1.21  15.86657670
 414392  1.81  16.68959700
 414409  0.74  14.90543860
 414429  1.74  16.60153760
 414442  0.86  15.20599590
 414562  0.50  14.05139840
 414568  0.52  14.14131880
 414615  0.94  15.38064920
 414652  0.91  15.31718370
 414739  0.72  14.84938180
 414757  0.76  14.95954990
 414759  0.54  14.22701380
 414780  1.26  15.94419720
 414877  1.94  16.84822630
 414918  1.89  16.78815890
 415110  2.85  17.73254000
 415115  2.44  17.38111270
 415119  0.64  14.60188910
 415149  1.18  15.81843680
 415159  0.73  14.87766050
 415169  0.86  15.20599590
 415181  0.66  14.66773350
 415231  0.36  13.28107590
 415242  0.88  15.25125690
 415268  2.31  17.25391150
 415283  1.03  15.55779260
 415286  0.51  14.09690530
 415313  0.38  13.40864510
 415360  1.48  16.25922400
 415373  1.83  16.71446380
 415379  1.58  16.39378710
 415386  1.24  15.91361960
 415418  1.76  16.62687060
 415425  1.79  16.66459860
 415430  1.60  16.42028170
 415436  0.62  14.53329080
 415442  0.72  14.84938180
 415502  2.29  17.23365200
 415513  1.22  15.88239350
 415584  0.60  14.46168470
 415585  2.44  17.38111270
 415636  0.66  14.66773350
 415669  1.66  16.49877790
 415674  0.70  14.79124070
 415706  0.88  15.25125690
 415717  1.16  15.78573560
 415734  0.92  15.33853830
 415745  0.86  15.20599590
 415761  0.63  14.56800420
 415798  2.09  17.02096380
 415799  1.97  16.88369540
 415824  2.05  16.97601640
 415832  0.92  15.33853830
 415838  3.31  18.06292400
 415841  2.00  16.91873720
 415847  0.85  15.18288280
 415877  0.63  14.56800420
 415886  0.69  14.76126740
 415985  1.30  16.00439580
 416003  0.79  15.03747290
 416059  0.31  12.92910910
 416085  2.02  16.94182190
 416095  1.55  16.35384830
 416127  0.82  15.11176470
 416147  0.99  15.48140140
 416207  1.35  16.07713600
 416217  2.40  17.34287730
 416222  2.00  16.91873720
 416229  1.12  15.71853930
 416250  1.46  16.23173210
 416317  2.21  17.15084340
 416339  1.08  15.64881520
 416372  0.73  14.87766050
 417723  0.80  15.06258190
 418153  1.68  16.52471180
 419673  1.55  16.35384830
 420309  1.71  16.56331350
 420839  2.62  17.54334710
 420936  0.92  15.33853830
 422023  1.19  15.83457270
 422686  1.07  15.63100990
 422820  0.94  15.38064920
